13661178690 0
15316555606 0
13818300315 -100
13980616560 0
18678960832 0
13522981632 -100
15692140193 100
13881811084 8850
18925339191 100
13581902183 0
13693269746 0
13583218297 0
13995639625 4850
13980386109 -100
13363853777 -100
13621972918 -100
13808413622 -100
13971150189 0
13611639672 0
13515965375 0
13799792102 0
13763808008 17500
15937508989 0
18976391967 0
13896665160 0
13971163974 -100
15601366338 0
18351462377 0
18650128707 0
18601777380 0
13902072942 0
18626155045 0
13816036105 0
13705328929 0
13023988508 0
13606918077 0
18650290661 0
13365656588 0
13817528398 0
13857100409 -100
13818958127 0
13500501367 0
13876375007 -100
13671925898 0
13162515887 -100
13231206668 -100
18613361329 0
13859907590 0
18360885330 0
13605088309 0
13859999836 0
13906947571 0
13501707865 0
13651629067 -100
13587639118 0
18606919622 -100
15999693310 0
18918518887 0
13801631530 0
13601662522 0
13916210863 -100
13859598610 0
13816214688 0
18003815234 0
18901696612 0
13523026982 0
15888820178 0
13926516863 -100
13316159166 -100
13806947118 0
0406318649 0
13701988352 0
18553228178 0
13783660029 -100
15921552670 0
13600888691 0
15604569555 0
13524002178 0
18621908825 0
18626126166 -100
18907120973 0
13916619858 0
13667315157 0
13913955948 -100
13324448833 0
15391502056 0
13606622546 0
13621926849 0
15980650580 -100
15826098596 0
13718681066 0
13382041355 0
13902905357 0
13606456730 0
13641732625 0
13805840964 0
18327555556 0
18202902556 0
13656023389 0
13720098798 -100
18228005095 0
13601508603 0
13567782200 0
18600580562 0
18513781319 0
18600262149 0
17316083982 0
13764372331 0
15002110963 -100
13636499356 0
18658818888 0
13806476777 0
18111580911 0
18686159797 -100
18653272118 0
13810603650 0
13688387082 0
18674859120 0
13312525559 0
13801117996 -100
15958359505 0
13525923784 0
18768457127 -100
18801948915 -100
13851525737 -100
13522002168 0
18538575061 0
15340025429 0
15825507727 0
13701766260 0
13801807840 0
18906393778 0
18685103339 0
18608501197 0
0456989999 0
13786779778 0
18611203032 0
13600979486 0
15958177722 0
0455969996 0
13583251433 0
13257313888 -100
13709286112 0
18633889825 0
18122780882 0
13660030092 0
13813307277 0
13540137681 0
18780568333 0
13809170196 0
13962361912 0
13522813585 0
15721417913 0
13813513131 0
13570928797 0
15921724860 0
13777900618 0
85298370079 0
18926002516 0
13917316567 0
15306205751 0
13519506816 0
13683214266 0
15921960616 0
13901071590 0
13257316818 0
18820030596 0
13701213648 0
15815590733 0
13566050075 0
13973066666 0
13806088822 0
13861936789 0
0420350343 0
17821805006 0
18035609999 0
15951317611 0
18121317975 0
18959228813 100
13719281710 0
18688683528 100
13322058181 0
13829798308 -13750
18963251877 -100
13880303333 0
13668240420 100
13929934187 -2000
18679133816 -100
13918553518 -100
15103562999 -100
13661817576 0
13121805660 0
13510028166 0
13550091222 100
13665352999 0
13883522666 0
13575716644 -100
18602032968 0
13952092607 -100
13812184555 0
18171905506 0
13823252888 0
13908028215 0
18050029318 0
18630889837 -100
15968008800 -100
13808428829 0
13600887575 -100
18601942587 0
18675537430 0
18605929640 -100
13501312827 0
15335178180 0
0452219256 0
13969692138 -100
13506009936 0
15201781747 0
13801688249 0
13917566966 0
13275075587 0
15960211672 0
13860700303 0
13023121874 0
13868027563 0
13321887136 0
13807140477 0
18621803589 0
13817883459 -100
13952800555 0
13482322050 0
15900591615 -100
13962151260 0
18516135079 0
13901617800 0
18918299929 0
18981766383 0
13906942053 -100
17859909999 0
13799298726 0
13859999373 0
15253263618 0
13750619806 0
13696922693 0
13002173380 0
13394058813 0
13371576777 0
18561962332 0
13806461566 0
13959286061 0
13452839488 0
13553058998 -100
13917307988 -100
13795495970 0
18161405660 0
13658051230 -100
18519009496 0
0411352613 0
13708982647 -100
13980017956 0
15054256668 0
13917462311 -100
013606284889 0
13636325355 -100
13951001308 0
13799556006 0
15621005810 -100
13696885210 -100
13151058813 0
13616054097 0
13708325320 0
13908317898 0
13796068855 100
13522706782 0
13720810799 -100
15059815666 0
15860756008 0
18665919109 0
13585515332 0
13810163608 0
13916307008 0
13882282068 -100
18611155699 -100
13854946778 0
13599066990 0
13075818866 0
13730960629 0
18090968816 0
15928094269 0
13764563083 0
13896199913 0
13915796666 0
15000711613 0
18059890502 0
13585781585 0
18655555458 0
13883433330 0
15316050250 0
15821793592 0
13564964509 0
18650333131 0
13799973050 0
13598778779 0
13361881017 -100
13992789891 100
13960885815 0
18689684536 0
13808330330 0
13707295111 0
13501692288 0
15106917888 0
13013730288 0
15088688089 0
13901688246 0
13585518689 0
18681433035 0
18908177168 -100
13908017700 0
13911322566 0
13818794816 0
15006866616 0
13653892513 -100
9882776 0
18522585656 -100
13701976574 0
18657180895 -100
15201932011 0
13095960058 0
13820959369 0
13801720987 -100
13386062627 0
18680819911 0
85266101105 0
0210621826 0
13918391277 0
13501718663 0
13781508222 -100
13519706986 0
13682889568 0
13817864928 -100
13788924999 -100
18221280028 0
13357087118 -100
18628168178 0
13860175552 0
13983378666 0
13817163247 0
13661604019 0
13770596088 0
13990004123 -100
13903026467 0
13980622690 -100
13337807033 0
13813865940 -100
18651694820 0
13816581823 0
15801708763 -100
13509362345 -100
13957629600 0
13882079796 0
13851821236 0
15985885768 0
17310556562 0
13818890408 0
0401378498 0
13075326550 -100
18654677787 -100
13714436096 0
13808082096 -100
13985569930 0
821007802 0
17715245569 0
15261549967 0
18057405079 0
13762459165 0
13883383748 0
13917105055 -100
18616873920 0
13564536373 0
15300667375 0
13760533457 -100
13651727303 0
13564903540 0
13828997977 0
18627011983 0
18905739205 0
13501740571 0
10424549229 0
13301909679 0
15800846879 0
13687646233 -100
13559455752 0
13918539046 0
15990997166 0
15865646662 0
13951018999 -100
18563129742 -100
13918003246 -100
13501376710 0
13770512175 0
13607128905 0
13797160111 0
13901957351 -100
13893369963 0
13888766633 0
13088868988 0
13269919911 0
13718764339 0
13911768114 -100
13801864230 0
13999892933 0
15902115180 0
18663608577 0
18057488765 0
13785725288 0
15801271723 0
13818080202 0
17310508300 0
18328661271 0
13792873333 0
13016990117 0
13799296784 0
12345600224 0
13601357147 0
13911205194 0
13738036820 0
13738886595 0
13764537888 0
18611552567 0
13902304138 0
18017755133 0
18063780280 0
13920470118 0
18817770676 0
17740861557 0
13917037419 0
13601905411 0
18950100192 0
13327810429 0
13675168768 -100
13906014348 -100
13732253025 -100
13810161936 0
18626156756 0
18968150222 0
18111876044 0
13313806311 0
13651767212 0
0405383138 0
18036535366 0
15318883190 -100
13482660133 0
13806633556 0
15988809985 0
13918979667 -100
13914166636 0
18221861938 0
13605169599 0
13622049746 0
13326239016 0
15957983666 -100
13997054519 0
18805327166 0
13308503333 0
18601342899 -100
15900598010 0
15806537222 0
135017777659 0
13969826802 0
13706505888 0
13818340247 0
13806031312 0
18159082666 -100
13815254647 -100
0085256601901 0
13601789681 0
13806004697 0
13840580058 0
13564824909 0
18147119825 0
18701555756 0
18101812299 0
013501597290 0
13806401698 -100
18765258969 0
13555881515 0
13806163832 0
13816672115 -100
13964312583 -100
18756568881 0
13524340929 0
13564869326 -100
13905814711 0
13683617635 0
13671193697 0
13581632052 -100
13505343598 0
15996628698 0
13008909708 0
13589190077 0
13806021409 0
15026968929 -100
15157587775 -100
13718206751 0
13295810575 0
15011073198 0
18018626489 0
13098285683 0
13738010278 0
18750760699 0
0468712461 0
13817665820 0
13926462393 0
13621824436 0
15098812222 0
13171931568 0
18618187255 0
13633416396 0
18501555555 0
13954276875 0
17717655554 0
15318791799 0
13661373629 0
13575780451 0
15825597888 0
13683376811 0
17717287228 0
13916185743 0
13705931009 0
13914719588 0
13906521835 0
13870468181 0
13617042288 0
13826085036 0
13651259469 0
13602868840 0
13120629970 0
15000300593 0
13701358115 0
18600273456 0
15805350320 0
15813364032 0
13773442811 0
13588858120 0
18612728983 0
13898813993 0
13926018026 0
13816965399 0
13560435224 0
13067898888 0
15901169022 0
13609620187 0
13606628215 0
15321222820 0
15618053355 0
13818905954 0
13609768224 0
18501730587 0
13696979081 0
13306224988 0
17685792678 0
18918680303 0
13811792908 0
13852001277 0
13501778231 0
13671971415 0
13808961126 0
18742928888 0
18025391763 0
13981829757 0
18600631713 0
15972929777 0
18903731150 0
18516678968 0
13311294854 0
13501038394 0
15866582000 0
0415881007 0
13116184814 0
18601305895 0
13250966888 0
13501356737 0
13566510255 0
13911096303 0
18186768777 0
13801802255 0
13306533232 0
13003151003 0
13857100535 0
66651607777 0
0411073863 0
13414493403 0
13989430301 0
18267601258 0
15901246350 0
13854338569 0
13901101737 0
13402033648 0
13682075506 0
13535051953 0
0422966151 0
13444444477 0
18902463537 0
15716216004 0
13823277613 0
13517089998 0
13336374567 0
18917509401 0
13814813158 0
13907314089 0
15901336483 0
18771929464 0
18918739089 0
13002151496 0
13603033834 0
13916788383 0
15356817868 0
18939818915 0
18611209017 0
13105418502 0
13601212941 0
13917318687 0
13816387263 0
0414204390 0
17601025539 0
13816316282 0
18813162705 0
18628051050 0
15158221059 0
13125081803 0
18688551969 17500
13521302581 0
18050087888 0
18310685177 0
13809094219 0
13809834357 0
13161528320 0
0450739083 0
13688806493 0
13910447187 0
13732286180 0
13910128887 0
15801808326 0
18605848014 0
18651108661 0
13661184628 0
15161997658 0
18700000001 0
13922218599 0
13906051225 100
13540295324 100
13227295417 0
13386321111 -100
13651886465 0
15850273003 0
13911465313 0
13661995553 0
15928662171 0
18098578631 0
13814275915 0
18913827006 -100
18059829986 0
18653116333 -100
15834051353 0
13806798758 0
13799962522 0
13901753826 0
18671266333 0
13469076888 0
18661808052 0
18939768699 0
13859958563 0
18681988388 -100
18221627032 0
15159812789 0
13816809858 -100
15060782610 0
18201764380 0
18917571569 -100
13881982186 0
13959295000 0
13522560867 -100
13799985816 -100
18605770550 0
13901103323 -100
18062132921 0
13799982729 0
18610097133 0
13301901109 0
13811191478 0
13855135774 0
13965134927 0
18696606000 0
15380336166 0
18653250952 -100
13905902882 -100
13350387827 -100
15638128588 0
18601948613 0
13886008585 -100
13701069120 0
18046427900 -100
18038781763 -100
18986198755 0
18711778732 0
15618982460 -100
13763217673 0
13995192116 0
17738709640 -100
13683462068 0
013606020202 25000
18650779858 0
18960097758 0
13952812188 0
13917907020 0
18668143377 0
13311865584 -100
13917335832 0
13764881389 0
15960281681 0
13960913559 0
15618650220 0
18906020622 -100
13817294401 -100
13599526009 0
13816560769 0
13980562356 0
18516357681 0
13958492255 0
18685108360 0
18611819916 0
13917254729 -100
18930904817 -100
13817811679 0
13916174119 0
13906034287 0
13774277520 0
61411198052 0
15063841448 -100
13811908888 -100
13788934368 0
18312121212 0
15069149117 0
13950409967 0
13917331777 0
18916485879 0
18930863333 0
13524058443 0
13107670825 -100
13003880665 0
13950488513 -100
13705793086 0
18930826222 0
13958042718 -100
61451959034 0
18601197171 0
15901396139 0
15860777888 0
13501681213 0
13918052746 0
13918150271 0
13606001829 0
13908037189 0
13918952176 0
13540248666 0
13338627888 0
13701998274 0
15068613907 0
18092028881 0
13681917110 0
13957548190 -100
18601705251 0
13752739668 0
18019720899 0
13436910366 0
13817387982 0
18930502013 0
15902198627 0
15618218968 0
13908310087 -100
13621325437 0
13705818658 0
15618560811 0
13903000388 0
13701163400 0
18116175070 0
17721345598 0
18116175358 0
18116175062 0
18116176516 0
13770702527 -100
18500225568 0
18571516333 0
13916002821 0
13365181726 -100
18901348336 0
18611830928 0
15882000338 0
18121681533 0
15821316768 0
61040351312 0
13801854359 0
15901000999 0
13818139523 0
18620071047 0
13927303443 -100
13761010754 0
13634159172 0
13799379733 0
13705139693 0
13816371428 0
13813996548 0
18511984711 0
18986668333 0
18621691729 0
13842623555 -100
13906388936 0
13701730234 -100
13370857708 0
13764035116 0
15573116838 -100
15858595063 -100
13901076755 0
13601625752 -100
13916898266 -100
18917303668 0
13075878177 0
18922770480 0
18964176757 0
13303226898 0
13069968888 0
13809219898 0
13524666431 0
13888157683 0
18605323739 -100
13817181525 0
18616570035 0
18853128688 0
18616839668 0
13905816084 0
13621860516 0
18626238158 0
13925104066 0
0421244582 0
13646736886 0
13926006114 0
0435452953 0
18607089980 0
13611880206 0
15961681979 0
13960999678 0
18006811731 -10000
13570613988 0
15021188701 0
13528791119 0
13188232388 0
13901491350 0
18601196503 0
0449512686 0
18789469189 0
18950080892 0
15892005152 0
18769712777 0
15322832928 0
18605315370 0
15770109888 0
13917847429 0
17727980822 0
15510689473 0
13832801979 0
15021696153 0
13817568586 0
13901123919 0
6587875544 0
13801751782 0
13911129367 0
18688795556 0
17521385111 0
18964163325 0
13852851055 0
18668881960 0
17878798765 0
13906536981 0
18913100130 0
0402046507 100
13601889169 -100
17612101183 0
13761681725 -100
15054890227 -100
18017279360 -100
13971022997 0
13908323451 0
15900777757 0
13863178866 -100
13711162057 -100
18918566075 0
13903138680 -100
18940845999 0
13910758497 0
13391956688 0
13801326281 0
18801398803 0
18622570888 0
18198219939 0
18075868666 0
13998289326 0
18612540424 0
17319123126 0
13885156433 0
13871041111 0
13911266072 0
13606299367 0
13818165607 0
18650802636 0
13459005940 0
18576584664 0
13929082819 0
18938990102 0
13987096678 0
13708086669 -100
13003918187 -100
13600850357 2500
13960065580 0
13817636515 0
13325119509 -100
18822890823 -100
13701724593 -100
15900769393 0
15859000142 0
13908233216 0
15336748599 -100
13585342323 -100
13817388900 0
18629695111 0
15801761578 0
13829130318 0
15921039110 0
13305360979 0
13328861060 0
13313851057 0
13908308362 0
13971565411 -100
15810100100 0
18805928883 -100
13909856677 0
13929553331 -100
18702181535 0
13813137331 0
13600869702 -100
13907002255 -100
13328106256 0
13916039027 0
13788917812 -100
13806064588 -100
13515059308 -100
13901839194 0
13918180331 0
13601786695 0
13716228686 0
15238218688 0
18505086565 0
13754202000 0
13501711174 0
13801826705 0
13918098558 0
13905798226 0
13764196906 0
15905311778 0
18805325327 -100
13808879007 -100
18665855888 0
13916904286 0
13701869509 0
13681818088 0
13321808572 -100
18554828888 0
13601212293 0
13795265906 0
15901202301 0
18660266166 0
13829981796 0
13916833788 0
13901200035 0
13764215484 0
13764730260 0
18610557819 0
15201547339 0
13894855686 0
15279115856 0
13716971100 0
13827066000 0
13801213783 0
13382581099 0
18657960822 0
13660730065 0
13511011299 0
13802581804 0
13651143006 0
13373644656 0
17727850097 35000
13764399988 0
13901048880 0
13816334456 0
13808190536 0
18676832616 0
16601166529 0
15801082888 0
13753112345 0
13636655229 0
13901480840 0
13811098277 0
18651646656 0
13566522626 0
13837888808 0
15121088018 0
18607147881 0
13860677076 0
18611423858 0
13807196029 0
13904733482 -100
15921922492 -100
13574124165 0
13634110290 0
13575898732 0
13574199907 0
18616806878 0
13810878017 0
13521032377 0
13320231866 0
13805056817 0
13600570578 0
15562551158 0
13529194278 0
18173573666 0
15859258272 0
15828243810 28273
13801561938 0
13313771888 10000
15372403302 0
17767262509 0
0406633483 -100
13764301376 0
13819885892 0
13696870304 0
13950107606 -100
13715262072 0
15827357886 0
13651999081 0
13770267768 0
15618795787 -100
13806025900 0
13615289558 0
15868106268 0
13911041993 0
15998155144 26250
13508370608 0
13173230613 100
13917277268 0
13556161898 0
8618688787022 0
0481206159 0
18615277860 0
18573114599 0
13668077232 5000
13817450819 -100
18203996669 0
18062595566 0
18339918126 -100
18929522566 15000
13611934279 0
13703512539 -100
18665355693 0
13600904892 -100
13616006272 15000
13681666611 0
13546371780 0
13917895232 -100
15967567116 10000
13868087928 0
13508620297 0
18069081122 0
18605111188 0
13162956126 0
13881965626 0
13901491351 0
13767659888 -100
13910115849 -100
15853226800 0
13801263164 0
13816399251 -100
13506987131 12500
13860115777 0
18669797767 0
13917534666 0
18620102890 -100
13818972982 0
15060067960 0
13314935158 0
15108333338 0
13948058181 0
13808609292 0
13918166812 0
13277098784 0
13801698703 0
13811553293 0
13505408282 0
13960779988 0
13601781615 0
13953220808 0
13822832345 0
13857378222 -100
18668111211 0
13901287646 0
13707043999 0
13435108388 42500
13986160751 12500
13608329245 32500
13834699899 -100
15384014124 0
18959282086 62500
13970003685 0
13850121327 72500
13305361716 42500
13926152980 202500
17628049160 6000177
17628049160 6000177
