17763102227 100
12121235225 0
17813203023 该手机号查出多条客户
13981861871 -100
18605501222 0
19906421614 0
15953271333 -100
13752979576 该手机号查出多条客户
18610420519 0
13608726820 -100
13606284889 该手机号查出多条客户
13803344657 0
13818362218 0
13916103575 -100
13801119561 0
15340397696 -100
13459269790 0
18981840555 0
18905925900 0
13883286116 0
13377852302 0
13801129707 0
13849614013 0
13469972129 -100
13330206088 0
13968080337 0
18627036295 -100
13709482680 0
13989522968 0
13732099807 0
15712951922 0
13221033001 0
13982776562 0
0420969696 0
18964889500 0
18686887879 100
13935108055 100
18603663977 100
18501600733 -100
13802920211 0
15807142088 0
13916706497 0
18628954411 0
13950081666 0
13901789619 0
13086617615 -100
13917166767 -100
18500073113 0
13724684221 0
15980969696 0
13701922223 0
13593162097 0
15696085666 0
13516886189 0
13662199813 -100
13770809995 0
13646823663 -100
13862057633 0
13684063787 -100
15021976156 0
13867805206 0
17717689085 -100
13916922265 0
13306361815 0
15201967571 0
15021884584 0
18858182900 -100
13901716643 0
13999788210 0
13961729123 0
13381113681 0
13661775561 0
17600041102 0
18049853323 0
13807186236 0
13761126973 0
13707314171 0
18767289816 -100
18602016188 -100
18611945440 -100
13253557768 0
13599816323 0
18610989174 0
13637780933 -100
16603110005 0
18038005142 0
15290432836 0
18905910314 -100
18610419315 0
18813267666 0
15120895777 0
18653276226 0
15898747088 0
13906832432 0
17317703563 0
85266998122 0
13665327637 0
13928760800 0
13916296216 0
18011519586 0
18953558638 0
13918316393 0
13701011625 0
13393301521 0
13816031667 0
17372271182 0
15213452889 0
13810445233 0
13916086915 0
15980697132 -100
13455269532 -100
13806043226 0
13962413285 该手机号查出多条客户
13906002622 -100
13950303725 -100
15939168888 0
13396188368 0
13506666552 -100
18600809663 0
0412151508 0
13777020890 该手机号查出多条客户
13108984592 0
18950069677 -100
18959289628 0
15828049355 0
13801082539 该手机号查出多条客户
13567016777 0
18621580936 0
18623321173 0
18108200991 -100
13336011868 0
13376313657 0
13661915513 -100
13482574327 0
13681762227 0
13818346860 0
18863953938 0
18221664269 0
13311588016 0
13911885655 0
15564133128 0
13860191866 0
13908366975 0
18668113577 0
18601019722 -100
13908384043 0
13808384656 0
15553306688 0
18952008330 0
13658330773 0
13907163566 0
13739098884 0
13554519525 -100
15221669926 0
18755933458 0
13913822621 0
13162945050 0
13438920448 0
13564269979 0
15196634365 0
13960909998 0
13569504970 0
13861036583 0
13305335388 0
13166265559 0
18601055308 -100
18950083869 0
18930112829 -100
13377858777 0
18602350705 0
13500362305 100
13950099657 0
13880184790 100
13995612072 -100
13989124969 -100
18680825885 0
13405204688 -100
18159897919 0
13810510105 0
15960225590 0
13666076192 0
15960258278 0
18906055550 0
13606011676 0
13906050852 0
15335322631 0
13559177827 -100
18959861822 0
13816139177 0
13589239390 -100
13916343622 0
17782315885 0
13275028528 0
18261881698 -100
15859280537 -100
13012521220 0
13817117701 0
13686369999 0
13599911766 0
13901981858 -100
13908324000 0
15960097733 0
18559689888 0
15653210077 0
13305321628 0
13799257175 0
13792821753 -100
13666004444 0
13608321209 0
18950860596 0
18964112050 0
61420690414 0
13850025794 0
13153249998 0
13361328277 0
18050081797 0
18628173996 0
13799934576 0
0449730106 -100
13581864568 0
18601580202 0
13808001690 0
13909066661 -100
18981503788 0
18981504788 0
13052232649 0
18847337777 0
18018359998 0
13815100029 0
15618777322 0
13671972118 0
13913133991 0
15000203828 0
18559029512 0
18650753036 -100
0432627883 0
13806008251 0
13003988966 0
13850093505 0
13506390832 -100
18650119907 0
13950109830 0
13906170018 0
13960729779 0
13880511818 0
13851795989 -100
13513513246 0
13585166086 -100
15961209686 -100
18616516253 0
13808542691 0
15051894898 0
15060012917 0
13916160912 0
13925760599 0
13661967567 0
18916615002 0
13588165962 -100
13317137288 0
13817339428 -100
18616682300 0
18979670166 -100
13641172867 -100
189600629990 0
13717973287 0
18979968000 0
13594123885 0
13210278726 -100
13959518686 0
13960775723 -100
13951106190 0
18658171777 0
13903461116 0
13906959058 0
13906414567 0
18969138670 0
18950419199 0
15505352696 0
15927288009 0
18019351645 0
13510001869 -100
13313787688 0
13567916408 0
13806018776 0
13963165663 0
18602288122 0
18538120801 -100
13880288899 0
13906335307 -100
13906502011 0
17621285001 0
13857072376 0
13723481669 0
18506999616 0
13852560070 -100
13795268691 0
13995520095 0
13305708681 -100
18989192306 0
17753101957 0
15880000700 0
13559172105 -100
13955322020 -100
13311800766 0
13810480131 -100
18952007278 0
13967373515 -100
13396486597 -100
15825769291 0
15908980302 0
13551016613 0
18905107966 -100
13306836618 0
13951639669 0
18750176551 0
13959237269 0
13811422777 0
15696596655 0
13860111121 0
15011555018 0
13501765499 该手机号查出多条客户
13969124822 0
18663892722 -100
13304666617 0
13305193131 0
13823355745 0
13735883386 0
13980650960 0
13806288897 0
18202175413 0
13370070913 0
13817876548 0
13552022132 -100
13292616608 0
18810620817 -100
15103303508 0
18013221273 0
15153121888 0
13886112782 0
13918389668 0
13636693015 0
13917101600 0
18088121347 0
13889807269 0
15952935090 0
13067271871 0
13810817185 0
13701386339 0
15601280720 0
13006150551 -100
13811931555 0
15327327530 0
13910860861 0
13952751692 -100
18811046009 0
13601100969 0
13103918000 0
17635849999 0
18510601111 -100
13801291027 0
13521971218 0
13902468692 100
13321122477 0
13600806862 0
13971429753 0
18627707775 0
13913556700 0
19916735944 0
13667180871 0
15901109580 -100
13585793076 -100
17686603032 0
13866072323 0
15985764888 0
13677880577 0
13990159999 0
13552689265 0
13583399939 0
13908039972 0
13585879806 0
13806693307 该手机号查出多条客户
13328252053 -100
18678290625 0
18663600060 0
18605919853 0
18801169888 0
13550030813 0
18680892398 0
18604499111 0
13805909489 0
15959225106 -100
13882123381 0
13921095187 -100
13833691708 0
13811038707 0
13958118792 0
13606006108 0
15901592405 0
18961737775 0
15308184128 0
13453459988 -100
13905086863 0
13698099866 0
18690631999 0
18664646333 -100
18000530076 0
13396067269 100
15271813000 0
13559172106 -100
13687590093 0
13301195812 0
13910023730 0
18623033713 0
15807163232 0
13564838606 -100
17742784342 0
13910572110 0
15074366666 0
13573118898 0
15938526021 0
18980625888 0
18602718765 0
13520187908 0
13815922168 0
13345119617 0
14759768139 0
13605828206 0
18609316363 0
13914320328 0
13585313377 0
18098889699 0
13501819642 0
13585534901 0
13361082856 0
13651961995 0
13384380006 0
13908399081 0
13911182068 -100
13473992688 0
18930513332 0
13551274073 0
18930642548 0
13911710949 0
13157757731 0
13701793636 -100
13858171878 0
13801113697 0
18801198107 0
15305311679 0
13671395505 0
13655091993 0
15962196345 0
13816245718 -100
13570889108 0
18611519321 -100
18905439916 0
18678616291 0
13706962670 0
13805516353 0
13513167637 0
18600223838 0
13354313381 0
13705022988 0
18650100799 0
18538728912 0
18515985119 0
13911903552 0
13812292672 0
15852532008 0
13682187868 0
13931548810 0
13682588101 100
13862187663 0
18073155345 0
13571879515 0
13701173135 0
13921526659 0
13922878698 0
18972123103 0
18611646663 0
13908110393 0
13922730446 0
13764046161 0
13971300036 0
13397115098 0
13716641105 0
13505800259 0
13962413285 该手机号查出多条客户
13901176079 0
18996700925 0
17750660566 0
13069881069 0
13951313886 0
0421634783 0
13511016858 0
18191559209 0
15002508811 0
15262093026 0
15305222675 0
15698587808 0
13661202005 0
13509660896 0
15825766637 0
13354602178 0
18610060119 0
18050171432 0
15216618801 0
13822234701 0
0468542086 0
13792473888 0
13902954500 0
13893166251 0
13641684211 0
13928682584 0
15555677777 0
13799726333 0
13806595828 0
17718371791 0
18068887788 0
0434288306 0
18693556000 0
18627125616 0
13153459682 0
18818000552 0
18018674068 0
13661102456 0
18785136730 0
15376910000 0
13621282551 0
13901522211 0
13382797800 0
18618340378 0
13701162213 0
13774589197 0
13834147528 0
13764569137 0
18580580552 0
15911117911 0
18190698919 0
18950099976 0
15710095308 0
13810965990 0
13983678739 0
18822448799 0
18601259663 0
13522944315 0
13346659045 0
13811729081 0
18054308867 0
13910269676 0
18600050316 0
13701144137 0
15811391777 0
13533055945 0
18810649108 0
17800851272 0
13370750608 0
13391835229 0
18050079188 0
13909207813 0
13817778317 0
18632655332 0
18015359993 0
18902261188 0
13302214288 0
13811220032 0
15098889777 0
15756381539 0
18121111906 0
13714764190 0
13553339511 0
13661178690 0
15316555606 0
13818300315 -100
13980616560 0
18678960832 0
13522981632 -100
15692140193 100
13881811084 8850
18925339191 100
13581902183 0
13693269746 0
13583218297 0
13995639625 0
13980386109 -100
13363853777 -100
13621972918 -100
13808413622 -100
13971150189 0
13611639672 0
13515965375 0
13799792102 0
13763808008 该手机号查出多条客户
15937508989 0
18976391967 0
13896665160 0
13971163974 -100
15601366338 0
18351462377 0
18650128707 0
18601777380 0
13902072942 0
18626155045 0
13816036105 0
13705328929 0
13023988508 0
13606918077 0
18650290661 0
13365656588 0
13817528398 0
13857100409 -100
13818958127 0
13500501367 0
13876375007 -100
13671925898 0
13162515887 -100
13231206668 -100
18613361329 0
13859907590 0
18360885330 0
13605088309 0
13859999836 0
13906947571 0
13501707865 0
13651629067 -100
13587639118 0
18606919622 -100
15999693310 0
18918518887 0
13801631530 0
13601662522 0
13916210863 -100
13859598610 0
13816214688 0
18003815234 0
18901696612 0
13523026982 0
15888820178 0
13926516863 -100
13316159166 -100
13806947118 0
0406318649 0
13701988352 0
18553228178 0
13783660029 -100
15921552670 0
13600888691 0
15604569555 0
13524002178 0
18621908825 0
18626126166 -100
18907120973 0
13916619858 0
13667315157 0
13913955948 -100
13324448833 0
15391502056 0
13606622546 0
13621926849 0
15980650580 -100
15826098596 0
13718681066 0
13382041355 0
13902905357 0
13606456730 0
13641732625 0
13805840964 0
18327555556 0
18202902556 0
13656023389 0
13720098798 -100
18228005095 0
13601508603 0
13567782200 0
18600580562 0
18513781319 0
18600262149 0
17316083982 0
13764372331 0
15002110963 -100
13636499356 0
18658818888 0
13806476777 0
18111580911 0
18686159797 -100
18653272118 0
13810603650 0
13688387082 0
18674859120 0
13312525559 0
13801117996 -100
15958359505 0
13525923784 0
18768457127 -100
18801948915 -100
13851525737 -100
13522002168 0
18538575061 0
15340025429 0
15825507727 0
13701766260 0
13801807840 0
18906393778 0
18685103339 0
18608501197 0
0456989999 0
13786779778 0
18611203032 0
13600979486 0
15958177722 0
0455969996 0
13583251433 0
13257313888 -100
13709286112 0
18633889825 0
18122780882 0
13660030092 0
13813307277 0
13540137681 0
18780568333 0
13809170196 0
13962361912 0
13522813585 0
15721417913 0
13813513131 0
13570928797 0
15921724860 0
13777900618 0
85298370079 0
18926002516 0
13917316567 0
15306205751 0
13519506816 0
13683214266 0
15921960616 0
13901071590 0
13257316818 0
18820030596 0
13701213648 0
15815590733 0
13566050075 0
13973066666 0
13806088822 0
13861936789 0
0420350343 0
17821805006 0
18035609999 0
15951317611 0
18121317975 0
18959228813 100
13719281710 0
18688683528 100
13322058181 0
13829798308 积分明细或系统赠送有翻页，建议手动处理
18963251877 -100
13880303333 0
13668240420 100
13929934187 0
18679133816 -100
13918553518 -100
15103562999 -100
13661817576 0
13121805660 0
13510028166 0
13550091222 100
13665352999 0
13883522666 0
13575716644 -100
18602032968 0
13952092607 -100
13812184555 0
18171905506 0
13823252888 0
13908028215 0
18050029318 0
18630889837 -100
15968008800 -100
13808428829 0
13600887575 -100
18601942587 0
18675537430 0
18605929640 -100
13501312827 0
15335178180 0
0452219256 0
13969692138 -100
13506009936 0
15201781747 0
13801688249 0
13917566966 0
13275075587 0
15960211672 0
13860700303 0
13023121874 0
13868027563 0
13321887136 0
13807140477 0
18621803589 0
13817883459 -100
13952800555 0
13482322050 0
15900591615 -100
13962151260 0
18516135079 0
13901617800 0
18918299929 0
18981766383 0
13906942053 -100
17859909999 0
13799298726 0
13859999373 0
15253263618 该手机号查出多条客户
13750619806 0
13696922693 0
13002173380 0
13394058813 0
13371576777 0
18561962332 0
13806461566 0
13959286061 0
13452839488 0
13553058998 -100
13917307988 -100
13795495970 0
18161405660 0
13658051230 -100
18519009496 0
0411352613 0
13708982647 -100
13980017956 0
15054256668 0
13917462311 -100
013606284889 0
13636325355 -100
13951001308 0
13799556006 0
15621005810 -100
13696885210 -100
13151058813 0
13616054097 0
13708325320 0
13908317898 0
13796068855 100
13522706782 0
13720810799 -100
15059815666 0
15860756008 0
18665919109 0
13585515332 0
13810163608 0
13916307008 0
13882282068 -100
18611155699 -100
13854946778 0
13599066990 0
13075818866 0
13730960629 0
18090968816 0
15928094269 0
13764563083 0
13896199913 0
13915796666 0
15000711613 0
18059890502 0
13585781585 0
18655555458 0
13883433330 0
15316050250 0
15821793592 0
13564964509 0
18650333131 0
13799973050 0
13598778779 0
13361881017 -100
13992789891 100
13960885815 0
18689684536 0
13808330330 0
13707295111 0
13501692288 0
15106917888 0
13013730288 0
15088688089 0
13901688246 0
13585518689 0
18681433035 0
18908177168 0
13908017700 0
13911322566 0
13818794816 0
15006866616 0
13653892513 -100
9882776 0
18522585656 -100
13701976574 0
18657180895 -100
15201932011 0
13095960058 0
13820959369 0
13801720987 -100
13386062627 0
18680819911 0
85266101105 0
0210621826 0
13918391277 0
13501718663 0
13781508222 -100
13519706986 0
13682889568 0
13817864928 -100
13788924999 -100
18221280028 0
13357087118 -100
18628168178 0
13860175552 0
13983378666 0
13817163247 0
13661604019 0
13770596088 0
13990004123 -100
13903026467 0
13980622690 -100
13337807033 0
13813865940 -100
18651694820 0
13816581823 0
15801708763 -100
13509362345 -100
13957629600 0
13882079796 0
13851821236 0
15985885768 0
17310556562 0
13818890408 0
0401378498 0
13075326550 -100
18654677787 -100
13714436096 0
13808082096 -100
13985569930 0
821007802 0
17715245569 0
15261549967 0
18057405079 0
13762459165 0
13883383748 0
13917105055 -100
18616873920 0
13564536373 0
15300667375 0
13760533457 -100
13651727303 0
13564903540 0
13828997977 0
18627011983 0
18905739205 0
13501740571 0
10424549229 0
13301909679 0
15800846879 0
13687646233 -100
13559455752 0
13918539046 0
15990997166 0
15865646662 0
13951018999 -100
18563129742 -100
13918003246 -100
13501376710 0
13770512175 0
13607128905 0
13797160111 0
13901957351 -100
13893369963 0
13888766633 0
13088868988 0
13269919911 0
13718764339 0
13911768114 -100
13801864230 0
13999892933 0
15902115180 0
18663608577 0
18057488765 0
13785725288 0
15801271723 0
13818080202 0
17310508300 0
18328661271 0
13792873333 0
13016990117 0
13799296784 0
12345600224 0
13601357147 0
13911205194 0
13738036820 0
13738886595 0
13764537888 0
18611552567 0
13902304138 0
18017755133 0
18063780280 0
13920470118 0
18817770676 0
17740861557 0
13917037419 0
13601905411 0
18950100192 0
13327810429 0
13675168768 -100
13906014348 -100
13732253025 -100
13810161936 0
18626156756 0
18968150222 0
18111876044 0
13313806311 0
13651767212 0
0405383138 0
18036535366 0
15318883190 -100
13482660133 0
13806633556 0
15988809985 0
13918979667 -100
13914166636 0
18221861938 0
13605169599 0
13622049746 0
13326239016 0
15957983666 -100
13997054519 0
18805327166 0
13308503333 0
18601342899 -100
15900598010 0
15806537222 0
135017777659 0
13969826802 0
13706505888 0
13818340247 0
13806031312 0
18159082666 -100
13815254647 -100
0085256601901 0
13601789681 0
13806004697 0
13840580058 0
13564824909 0
18147119825 0
18701555756 0
18101812299 0
013501597290 0
13806401698 -100
18765258969 0
13555881515 0
13806163832 0
13816672115 -100
13964312583 -100
18756568881 0
13524340929 0
13564869326 -100
13905814711 0
13683617635 0
13671193697 0
13581632052 -100
13505343598 0
15996628698 0
13008909708 0
13589190077 0
13806021409 0
15026968929 -100
15157587775 -100
13718206751 0
13295810575 0
15011073198 0
18018626489 0
13098285683 0
13738010278 0
18750760699 0
0468712461 0
13817665820 0
13926462393 0
13621824436 0
15098812222 0
13171931568 0
18618187255 0
13633416396 0
18501555555 0
13954276875 0
17717655554 0
15318791799 0
13661373629 0
13575780451 0
15825597888 0
13683376811 0
17717287228 0
13916185743 0
13705931009 0
13914719588 0
13906521835 0
13870468181 0
13617042288 0
13826085036 0
13651259469 0
13602868840 0
13120629970 0
15000300593 0
13701358115 0
18600273456 0
15805350320 0
15813364032 0
13773442811 0
13588858120 0
18612728983 0
13898813993 0
13926018026 0
13816965399 0
13560435224 0
13067898888 0
15901169022 0
13609620187 0
13606628215 0
15321222820 0
15618053355 0
13818905954 0
13609768224 0
18501730587 0
13696979081 0
13306224988 0
17685792678 0
18918680303 0
13811792908 0
13852001277 0
13501778231 0
13671971415 0
13808961126 0
18742928888 0
18025391763 0
13981829757 0
18600631713 0
15972929777 0
18903731150 0
18516678968 0
13311294854 0
13501038394 0
15866582000 0
0415881007 0
13116184814 0
18601305895 0
13250966888 0
13501356737 0
13566510255 0
13911096303 0
18186768777 0
13801802255 0
13306533232 0
13003151003 0
13857100535 0
66651607777 0
0411073863 0
13414493403 0
13989430301 0
18267601258 0
15901246350 0
13854338569 0
13901101737 0
13402033648 0
13682075506 0
13535051953 0
0422966151 0
13444444477 0
18902463537 0
15716216004 0
13823277613 0
13517089998 0
13336374567 0
18917509401 0
13814813158 0
13907314089 0
15901336483 0
18771929464 0
18918739089 0
13002151496 0
13603033834 0
13916788383 0
15356817868 0
18939818915 0
18611209017 0
13105418502 0
13601212941 0
13917318687 0
13816387263 0
0414204390 0
17601025539 0
13816316282 0
18813162705 0
18628051050 0
15158221059 0
13125081803 0
18688551969 17500
13521302581 0
18050087888 0
18310685177 0
13809094219 0
13809834357 0
13161528320 0
0450739083 0
13688806493 0
13910447187 0
13732286180 0
13910128887 0
15801808326 0
18605848014 0
18651108661 0
13661184628 0
15161997658 0
18700000001 0
13922218599 0
13906051225 100
13540295324 100
13227295417 0
13386321111 -100
13651886465 0
15850273003 0
13911465313 0
13661995553 0
15928662171 0
18098578631 0
13814275915 0
18913827006 -100
18059829986 0
18653116333 -100
15834051353 0
13806798758 0
13799962522 0
13901753826 0
18671266333 0
13469076888 0
18661808052 0
18939768699 0
13859958563 0
18681988388 -100
18221627032 0
15159812789 0
13816809858 -100
15060782610 0
18201764380 0
18917571569 -100
13881982186 0
13959295000 0
13522560867 -100
13799985816 -100
18605770550 0
13901103323 -100
18062132921 0
13799982729 0
18610097133 0
13301901109 0
13811191478 0
13855135774 0
13965134927 0
18696606000 0
15380336166 0
18653250952 -100
13905902882 -100
13350387827 -100
15638128588 0
18601948613 0
13886008585 -100
13701069120 0
18046427900 -100
18038781763 -100
18986198755 0
18711778732 0
15618982460 -100
13763217673 0
13995192116 0
17738709640 -100
13683462068 0
013606020202 25000
18650779858 0
18960097758 0
13952812188 0
13917907020 0
18668143377 0
13311865584 -100
13917335832 0
13764881389 0
15960281681 0
13960913559 0
15618650220 0
18906020622 -100
13817294401 -100
13599526009 0
13816560769 0
13980562356 0
18516357681 0
13958492255 0
18685108360 0
18611819916 0
13917254729 -100
18930904817 -100
13817811679 0
13916174119 0
13906034287 0
13774277520 0
61411198052 0
15063841448 -100
13811908888 -100
13788934368 0
18312121212 0
15069149117 0
13950409967 0
13917331777 0
18916485879 0
18930863333 0
13524058443 0
13107670825 -100
13003880665 0
13950488513 -100
13705793086 0
18930826222 0
13958042718 -100
61451959034 0
18601197171 0
15901396139 0
15860777888 0
13501681213 0
13918052746 0
13918150271 0
13606001829 0
13908037189 0
13918952176 0
13540248666 0
13338627888 0
13701998274 0
15068613907 0
18092028881 0
13681917110 0
13957548190 -100
18601705251 0
13752739668 0
18019720899 0
13436910366 0
13817387982 0
18930502013 0
15902198627 0
15618218968 0
13908310087 -100
13621325437 0
13705818658 0
15618560811 0
13903000388 0
13701163400 0
18116175070 0
17721345598 0
18116175358 0
18116175062 0
18116176516 0
13770702527 -100
18500225568 0
18571516333 0
13916002821 0
13365181726 -100
18901348336 0
18611830928 0
15882000338 0
18121681533 0
15821316768 0
61040351312 0
13801854359 0
15901000999 0
13818139523 0
18620071047 0
13927303443 -100
13761010754 0
13634159172 0
13799379733 0
13705139693 0
13816371428 0
13813996548 0
18511984711 0
18986668333 0
18621691729 0
13842623555 -100
13906388936 0
13701730234 -100
13370857708 0
13764035116 0
15573116838 -100
15858595063 -100
13901076755 0
13601625752 -100
13916898266 -100
18917303668 0
13075878177 0
18922770480 0
18964176757 0
13303226898 0
13069968888 0
13809219898 0
13524666431 0
13888157683 0
18605323739 -100
13817181525 0
18616570035 0
18853128688 0
18616839668 0
13905816084 0
13621860516 0
18626238158 0
13925104066 0
0421244582 0
13646736886 0
13926006114 0
0435452953 0
18607089980 0
13611880206 0
15961681979 0
13960999678 0
18006811731 -10000
13570613988 0
15021188701 0
13528791119 0
13188232388 0
13901491350 0
18601196503 0
0449512686 0
18789469189 0
18950080892 0
15892005152 0
18769712777 0
15322832928 0
18605315370 0
15770109888 0
13917847429 0
17727980822 0
15510689473 0
13832801979 0
15021696153 0
13817568586 0
13901123919 0
6587875544 0
13801751782 0
13911129367 0
18688795556 0
17521385111 0
18964163325 0
13852851055 0
18668881960 0
17878798765 0
13906536981 0
18913100130 0
0402046507 100
13601889169 -100
17612101183 0
13761681725 -100
15054890227 -100
18017279360 -100
13971022997 0
13908323451 0
15900777757 0
13863178866 -100
13711162057 -100
18918566075 0
13903138680 -100
18940845999 0
13910758497 0
13391956688 0
13801326281 0
18801398803 0
18622570888 0
18198219939 0
18075868666 0
13998289326 0
18612540424 0
17319123126 0
13885156433 0
13871041111 0
13911266072 0
13606299367 0
13818165607 0
18650802636 0
13459005940 0
18576584664 0
13929082819 0
18938990102 0
13987096678 0
13708086669 -100
13003918187 -100
