18113084323
17763102227
12121235225
17813203023
13981861871
18605501222
19906421614
15953271333
13752979576
18610420519
13608726820
13606284889
13803344657
13818362218
13916103575
13801119561
15340397696
13459269790
18981840555
18905925900
13883286116
13377852302
13801129707
13849614013
13469972129
13330206088
13968080337
18627036295
13709482680
13989522968
13732099807
15712951922
13221033001
13982776562
0420969696
18964889500
18686887879
13935108055
18603663977
18501600733
13802920211
15807142088
13916706497
18628954411
13950081666
13901789619
13086617615
13917166767
18500073113
13724684221
15980969696
13701922223
13593162097
15696085666
13516886189
13662199813
13770809995
13646823663
13862057633
13684063787
15021976156
13867805206
17717689085
13916922265
13306361815
15201967571
15021884584
18858182900
13901716643
13999788210
13961729123
13381113681
13661775561
17600041102
18049853323
13807186236
13761126973
13707314171
18767289816
18602016188
18611945440
13253557768
13599816323
18610989174
13637780933
16603110005
18038005142
15290432836
18905910314
18610419315
18813267666
15120895777
18653276226
15898747088
13906832432
17317703563
85266998122
13665327637
13928760800
13916296216
18011519586
18953558638
13918316393
13701011625
13393301521
13816031667
17372271182
15213452889
13810445233
13916086915
15980697132
13455269532
13806043226
13962413285
13906002622
13950303725
15939168888
13396188368
13506666552
18600809663
0412151508
13777020890
13108984592
18950069677
18959289628
15828049355
13801082539
13567016777
18621580936
18623321173
18108200991
13336011868
13376313657
13661915513
13482574327
13681762227
13818346860
18863953938
18221664269
13311588016
13911885655
15564133128
13860191866
13908366975
18668113577
18601019722
13908384043
13808384656
15553306688
18952008330
13658330773
13907163566
13739098884
13554519525
15221669926
18755933458
13913822621
13162945050
13438920448
13564269979
15196634365
13960909998
13569504970
13861036583
13305335388
13166265559
18601055308
18950083869
18930112829
13377858777
18602350705
13500362305
13950099657
13880184790
13995612072
13989124969
18680825885
13405204688
18159897919
13810510105
15960225590
13666076192
15960258278
18906055550
13606011676
13906050852
15335322631
13559177827
18959861822
13816139177
13589239390
13916343622
17782315885
13275028528
18261881698
15859280537
13012521220
13817117701
13686369999
13599911766
13901981858
13908324000
15960097733
18559689888
15653210077
13305321628
13799257175
13792821753
13666004444
13608321209
18950860596
18964112050
61420690414
13850025794
13153249998
13361328277
18050081797
18628173996
13799934576
0449730106
13581864568
18601580202
13808001690
13909066661
18981503788
18981504788
13052232649
18847337777
18018359998
13815100029
15618777322
13671972118
13913133991
15000203828
18559029512
18650753036
0432627883
13806008251
13003988966
13850093505
13506390832
18650119907
13950109830
13906170018
13960729779
13880511818
13851795989
13513513246
13585166086
15961209686
18616516253
13808542691
15051894898
15060012917
13916160912
13925760599
13661967567
18916615002
13588165962
13317137288
13817339428
18616682300
18979670166
13641172867
189600629990
13717973287
18979968000
13594123885
13210278726
13959518686
13960775723
13951106190
18658171777
13903461116
13906959058
13906414567
18969138670
18950419199
15505352696
15927288009
18019351645
13510001869
13313787688
13567916408
13806018776
13963165663
18602288122
18538120801
13880288899
13906335307
13906502011
17621285001
13857072376
13723481669
18506999616
13852560070
13795268691
13995520095
13305708681
18989192306
17753101957
15880000700
13559172105
13955322020
13311800766
13810480131
18952007278
13967373515
13396486597
15825769291
15908980302
13551016613
18905107966
13306836618
13951639669
18750176551
13959237269
13811422777
15696596655
13860111121
15011555018
13501765499
13969124822
18663892722
13304666617
13305193131
13823355745
13735883386
13980650960
13806288897
18202175413
13370070913
13817876548
13552022132
13292616608
18810620817
15103303508
18013221273
15153121888
13886112782
13918389668
13636693015
13917101600
18088121347
13889807269
15952935090
13067271871
13810817185
13701386339
15601280720
13006150551
13811931555
15327327530
13910860861
13952751692
18811046009
13601100969
13103918000
17635849999
18510601111
13801291027
13521971218
13902468692
13321122477
13600806862
13971429753
18627707775
13913556700
19916735944
13667180871
15901109580
13585793076
17686603032
13866072323
15985764888
13677880577
13990159999
13552689265
13583399939
13908039972
13585879806
13806693307
13328252053
18678290625
18663600060
18605919853
18801169888
13550030813
18680892398
18604499111
13805909489
15959225106
13882123381
13921095187
13833691708
13811038707
13958118792
13606006108
15901592405
18961737775
15308184128
13453459988
13905086863
13698099866
18690631999
18664646333
18000530076
13396067269
15271813000
13559172106
13687590093
13301195812
13910023730
18623033713
15807163232
13564838606
17742784342
13910572110
15074366666
13573118898
15938526021
18980625888
18602718765
13520187908
13815922168
13345119617
14759768139
13605828206
18609316363
13914320328
13585313377
18098889699
13501819642
13585534901
13361082856
13651961995
13384380006
13908399081
13911182068
13473992688
18930513332
13551274073
18930642548
13911710949
13157757731
13701793636
13858171878
13801113697
18801198107
15305311679
13671395505
13655091993
15962196345
13816245718
13570889108
18611519321
18905439916
18678616291
13706962670
13805516353
13513167637
18600223838
13354313381
13705022988
18650100799
18538728912
18515985119
13911903552
13812292672
15852532008
13682187868
13931548810
13682588101
13862187663
18073155345
13571879515
13701173135
13921526659
13922878698
18972123103
18611646663
13908110393
13922730446
13764046161
13971300036
13397115098
13716641105
13505800259
13962413285
13901176079
18996700925
17750660566
13069881069
13951313886
0421634783
13511016858
18191559209
15002508811
15262093026
15305222675
15698587808
13661202005
13509660896
15825766637
13354602178
18610060119
18050171432
15216618801
13822234701
0468542086
13792473888
13902954500
13893166251
13641684211
13928682584
15555677777
13799726333
13806595828
17718371791
18068887788
0434288306
18693556000
18627125616
13153459682
18818000552
18018674068
13661102456
18785136730
15376910000
13621282551
13901522211
13382797800
18618340378
13701162213
13774589197
13834147528
13764569137
18580580552
15911117911
18190698919
18950099976
15710095308
13810965990
13983678739
18822448799
18601259663
13522944315
13346659045
13811729081
18054308867
13910269676
18600050316
13701144137
15811391777
13533055945
18810649108
17800851272
13370750608
13391835229
18050079188
13909207813
13817778317
18632655332
18015359993
18902261188
13302214288
13811220032
15098889777
15756381539
18121111906
13714764190
13553339511
13661178690
15316555606
13818300315
13980616560
18678960832
13522981632
15692140193
13881811084
18925339191
13581902183
13693269746
13583218297
13995639625
13980386109
13363853777
13621972918
13808413622
13971150189
13611639672
13515965375
13799792102
13763808008
15937508989
18976391967
13896665160
13971163974
15601366338
18351462377
18650128707
18601777380
13902072942
18626155045
13816036105
13705328929
13023988508
13606918077
18650290661
13365656588
13817528398
13857100409
13818958127
13500501367
13876375007
13671925898
13162515887
13231206668
18613361329
13859907590
18360885330
13605088309
13859999836
13906947571
13501707865
13651629067
13587639118
18606919622
15999693310
18918518887
13801631530
13601662522
13916210863
13859598610
13816214688
18003815234
18901696612
13523026982
15888820178
13926516863
13316159166
13806947118
0406318649
13701988352
18553228178
13783660029
15921552670
13600888691
15604569555
13524002178
18621908825
18626126166
18907120973
13916619858
13667315157
13913955948
13324448833
15391502056
13606622546
13621926849
15980650580
15826098596
13718681066
13382041355
13902905357
13606456730
13641732625
13805840964
18327555556
18202902556
13656023389
13720098798
18228005095
13601508603
13567782200
18600580562
18513781319
18600262149
17316083982
13764372331
15002110963
13636499356
18658818888
13806476777
18111580911
18686159797
18653272118
13810603650
13688387082
18674859120
13312525559
13801117996
15958359505
13525923784
18768457127
18801948915
13851525737
13522002168
18538575061
15340025429
15825507727
13701766260
13801807840
18906393778
18685103339
18608501197
0456989999
13786779778
18611203032
13600979486
15958177722
0455969996
13583251433
13257313888
13709286112
18633889825
18122780882
13660030092
13813307277
13540137681
18780568333
13809170196
13962361912
13522813585
15721417913
13813513131
13570928797
15921724860
13777900618
85298370079
18926002516
13917316567
15306205751
13519506816
13683214266
15921960616
13901071590
13257316818
18820030596
13701213648
15815590733
13566050075
13973066666
13806088822
13861936789
0420350343
17821805006
18035609999
15951317611
18121317975
18959228813
13719281710
18688683528
13322058181
13829798308
18963251877
13880303333
13668240420
13929934187
18679133816
13918553518
15103562999
13661817576
13121805660
13510028166
13550091222
13665352999
13883522666
13575716644
18602032968
13952092607
13812184555
18171905506
13823252888
13908028215
18050029318
18630889837
15968008800
13808428829
13600887575
18601942587
18675537430
18605929640
13501312827
15335178180
0452219256
13969692138
13506009936
15201781747
13801688249
13917566966
13275075587
15960211672
13860700303
13023121874
13868027563
13321887136
13807140477
18621803589
13817883459
13952800555
13482322050
15900591615
13962151260
18516135079
13901617800
18918299929
18981766383
13906942053
17859909999
13799298726
13859999373
15253263618
13750619806
13696922693
13002173380
13394058813
13371576777
18561962332
13806461566
13959286061
13452839488
13553058998
13917307988
13795495970
18161405660
13658051230
18519009496
0411352613
13708982647
13980017956
15054256668
13917462311
013606284889
13636325355
13951001308
13799556006
15621005810
13696885210
13151058813
13616054097
13708325320
13908317898
13796068855
13522706782
13720810799
15059815666
15860756008
18665919109
13585515332
13810163608
13916307008
13882282068
18611155699
13854946778
13599066990
13075818866
13730960629
18090968816
15928094269
13764563083
13896199913
13915796666
15000711613
18059890502
13585781585
18655555458
13883433330
15316050250
15821793592
13564964509
18650333131
13799973050
13598778779
13361881017
13992789891
13960885815
18689684536
13808330330
13707295111
13501692288
15106917888
13013730288
15088688089
13901688246
13585518689
18681433035
18908177168
13908017700
13911322566
13818794816
15006866616
13653892513
9882776
18522585656
13701976574
18657180895
15201932011
13095960058
13820959369
13801720987
13386062627
18680819911
85266101105
0210621826
13918391277
13501718663
13781508222
13519706986
13682889568
13817864928
13788924999
18221280028
13357087118
18628168178
13860175552
13983378666
13817163247
13661604019
13770596088
13990004123
13903026467
13980622690
13337807033
13813865940
18651694820
13816581823
15801708763
13509362345
13957629600
13882079796
13851821236
15985885768
17310556562
13818890408
0401378498
13075326550
18654677787
13714436096
13808082096
13985569930
821007802
17715245569
15261549967
18057405079
13762459165
13883383748
13917105055
18616873920
13564536373
15300667375
13760533457
13651727303
13564903540
13828997977
18627011983
18905739205
13501740571
10424549229
13301909679
15800846879
13687646233
13559455752
13918539046
15990997166
15865646662
13951018999
18563129742
13918003246
13501376710
13770512175
13607128905
13797160111
13901957351
13893369963
13888766633
13088868988
13269919911
13718764339
13911768114
13801864230
13999892933
15902115180
18663608577
18057488765
13785725288
15801271723
13818080202
17310508300
18328661271
13792873333
13016990117
13799296784
12345600224
13601357147
13911205194
13738036820
13738886595
13764537888
18611552567
13902304138
18017755133
18063780280
13920470118
18817770676
17740861557
13917037419
13601905411
18950100192
13327810429
13675168768
13906014348
13732253025
13810161936
18626156756
18968150222
18111876044
13313806311
13651767212
0405383138
18036535366
15318883190
13482660133
13806633556
15988809985
13918979667
13914166636
18221861938
13605169599
13622049746
13326239016
15957983666
13997054519
18805327166
13308503333
18601342899
15900598010
15806537222
135017777659
13969826802
13706505888
13818340247
13806031312
18159082666
13815254647
0085256601901
13601789681
13806004697
13840580058
13564824909
18147119825
18701555756
18101812299
013501597290
13806401698
18765258969
13555881515
13806163832
13816672115
13964312583
18756568881
13524340929
13564869326
13905814711
13683617635
13671193697
13581632052
13505343598
15996628698
13008909708
13589190077
13806021409
15026968929
15157587775
13718206751
13295810575
15011073198
18018626489
13098285683
13738010278
18750760699
0468712461
13817665820
13926462393
13621824436
15098812222
13171931568
18618187255
13633416396
18501555555
13954276875
17717655554
15318791799
13661373629
13575780451
15825597888
13683376811
17717287228
13916185743
13705931009
13914719588
13906521835
13870468181
13617042288
13826085036
13651259469
13602868840
13120629970
15000300593
13701358115
18600273456
15805350320
15813364032
13773442811
13588858120
18612728983
13898813993
13926018026
13816965399
13560435224
13067898888
15901169022
13609620187
13606628215
15321222820
15618053355
13818905954
13609768224
18501730587
13696979081
13306224988
17685792678
18918680303
13811792908
13852001277
13501778231
13671971415
13808961126
18742928888
18025391763
13981829757
18600631713
15972929777
18903731150
18516678968
13311294854
13501038394
15866582000
0415881007
13116184814
18601305895
13250966888
13501356737
13566510255
13911096303
18186768777
13801802255
13306533232
13003151003
13857100535
66651607777
0411073863
13414493403
13989430301
18267601258
15901246350
13854338569
13901101737
13402033648
13682075506
13535051953
0422966151
13444444477
18902463537
15716216004
13823277613
13517089998
13336374567
18917509401
13814813158
13907314089
15901336483
18771929464
18918739089
13002151496
13603033834
13916788383
15356817868
18939818915
18611209017
13105418502
13601212941
13917318687
13816387263
0414204390
17601025539
13816316282
18813162705
18628051050
15158221059
13125081803
18688551969
13521302581
18050087888
18310685177
13809094219
13809834357
13161528320
0450739083
13688806493
13910447187
13732286180
13910128887
15801808326
18605848014
18651108661
13661184628
15161997658
18700000001
13922218599
13906051225
13540295324
13227295417
13386321111
13651886465
15850273003
13911465313
13661995553
15928662171
18098578631
13814275915
18913827006
18059829986
18653116333
15834051353
13806798758
13799962522
13901753826
18671266333
13469076888
18661808052
18939768699
13859958563
18681988388
18221627032
15159812789
13816809858
15060782610
18201764380
18917571569
13881982186
13959295000
13522560867
13799985816
18605770550
13901103323
18062132921
13799982729
18610097133
13301901109
13811191478
13855135774
13965134927
18696606000
15380336166
18653250952
13905902882
13350387827
15638128588
18601948613
13886008585
13701069120
18046427900
18038781763
18986198755
18711778732
15618982460
13763217673
13995192116
17738709640
13683462068
013606020202
18650779858
18960097758
13952812188
13917907020
18668143377
13311865584
13917335832
13764881389
15960281681
13960913559
15618650220
18906020622
13817294401
13599526009
13816560769
13980562356
18516357681
13958492255
18685108360
18611819916
13917254729
18930904817
13817811679
13916174119
13906034287
13774277520
61411198052
15063841448
13811908888
13788934368
18312121212
15069149117
13950409967
13917331777
18916485879
18930863333
13524058443
13107670825
13003880665
13950488513
13705793086
18930826222
13958042718
61451959034
18601197171
15901396139
15860777888
13501681213
13918052746
13918150271
13606001829
13908037189
13918952176
13540248666
13338627888
13701998274
15068613907
18092028881
13681917110
13957548190
18601705251
13752739668
18019720899
13436910366
13817387982
18930502013
15902198627
15618218968
13908310087
13621325437
13705818658
15618560811
13903000388
13701163400
18116175070
17721345598
18116175358
18116175062
18116176516
13770702527
18500225568
18571516333
13916002821
13365181726
18901348336
18611830928
15882000338
18121681533
15821316768
61040351312
13801854359
15901000999
13818139523
18620071047
13927303443
13761010754
13634159172
13799379733
13705139693
13816371428
13813996548
18511984711
18986668333
18621691729
13842623555
13906388936
13701730234
13370857708
13764035116
15573116838
15858595063
13901076755
13601625752
13916898266
18917303668
13075878177
18922770480
18964176757
13303226898
13069968888
13809219898
13524666431
13888157683
18605323739
13817181525
18616570035
18853128688
18616839668
13905816084
13621860516
18626238158
13925104066
0421244582
13646736886
13926006114
0435452953
18607089980
13611880206
15961681979
13960999678
18006811731
13570613988
15021188701
13528791119
13188232388
13901491350
18601196503
0449512686
18789469189
18950080892
15892005152
18769712777
15322832928
18605315370
15770109888
13917847429
17727980822
15510689473
13832801979
15021696153
13817568586
13901123919
6587875544
13801751782
13911129367
18688795556
17521385111
18964163325
13852851055
18668881960
17878798765
13906536981
18913100130
0402046507
13601889169
17612101183
13761681725
15054890227
18017279360
13971022997
13908323451
15900777757
13863178866
13711162057
18918566075
13903138680
18940845999
13910758497
13391956688
13801326281
18801398803
18622570888
18198219939
18075868666
13998289326
18612540424
17319123126
13885156433
13871041111
13911266072
13606299367
13818165607
18650802636
13459005940
18576584664
13929082819
18938990102
13987096678
13708086669
13003918187
13600850357
13960065580
13817636515
13325119509
18822890823
13701724593
15900769393
15859000142
13908233216
15336748599
13585342323
13817388900
18629695111
15801761578
13829130318
15921039110
13305360979
13328861060
13313851057
13908308362
13971565411
15810100100
18805928883
13909856677
13929553331
18702181535
13813137331
13600869702
13907002255
13328106256
13916039027
13788917812
13806064588
13515059308
13901839194
13918180331
13601786695
13716228686
15238218688
18505086565
13754202000
13501711174
13801826705
13918098558
13905798226
13764196906
15905311778
18805325327
13808879007
18665855888
13916904286
13701869509
13681818088
13321808572
18554828888
13601212293
13795265906
15901202301
18660266166
13829981796
13916833788
13901200035
13764215484
13764730260
18610557819
15201547339
13894855686
15279115856
13716971100
13827066000
13801213783
13382581099
18657960822
13660730065
13511011299
13802581804
13651143006
13373644656
17727850097
13764399988
13901048880
13816334456
13808190536
18676832616
16601166529
15801082888
13753112345
13636655229
13901480840
13811098277
18651646656
13566522626
13837888808
15121088018
18607147881
13860677076
18611423858
13807196029
13904733482
15921922492
13574124165
13634110290
13575898732
13574199907
18616806878
13810878017
13521032377
13320231866
13805056817
13600570578
15562551158
13529194278
18173573666
15859258272
15828243810
13801561938
13313771888
15372403302
17767262509
0406633483
13764301376
13819885892
13696870304
13950107606
13715262072
15827357886
13651999081
13770267768
15618795787
13806025900
13615289558
15868106268
13911041993
15998155144
13508370608
13173230613
13917277268
13556161898
8618688787022
0481206159
18615277860
18573114599
13668077232
13817450819
18203996669
18062595566
18339918126
18929522566
13611934279
13703512539
18665355693
13600904892
13616006272
13681666611
13546371780
13917895232
15967567116
13868087928
13508620297
18069081122
18605111188
13162956126
13881965626
13901491351
13767659888
13910115849
15853226800
13801263164
13816399251
13506987131
13860115777
18669797767
13917534666
18620102890
13818972982
15060067960
13314935158
15108333338
13948058181
13808609292
13918166812
13277098784
13801698703
13811553293
13505408282
13960779988
13601781615
13953220808
13822832345
13857378222
18668111211
13901287646
13707043999
13435108388
13986160751
13608329245
13834699899
15384014124
18959282086
13970003685
13850121327
13305361716
13926152980
17628049160
17628049160