13600850357 积分明细或系统赠送有翻页，建议手动处理
13960065580 0
13817636515 0
13325119509 -100
18822890823 -100
13701724593 -100
15900769393 0
15859000142 0
13908233216 0
15336748599 -100
13585342323 -100
13817388900 0
18629695111 0
15801761578 0
13829130318 0
15921039110 0
13305360979 0
13328861060 积分明细或系统赠送有翻页，建议手动处理
13313851057 0
13908308362 0
13971565411 -100
15810100100 0
18805928883 -100
13909856677 0
13929553331 -100
18702181535 0
13813137331 0
13600869702 -100
13907002255 -100
13328106256 0
13916039027 0
13788917812 -100
13806064588 -100
13515059308 -100
13901839194 0
13918180331 0
13601786695 0
13716228686 0
15238218688 0
18505086565 0
13754202000 0
13501711174 0
13801826705 0
13918098558 0
13905798226 0
13764196906 0
15905311778 0
18805325327 -100
13808879007 -100
18665855888 0
13916904286 0
13701869509 0
13681818088 0
13321808572 -100
18554828888 0
13601212293 0
13795265906 0
15901202301 0
18660266166 0
13829981796 0
13916833788 0
13901200035 0
13764215484 0
13764730260 0
18610557819 0
15201547339 0
13894855686 0
15279115856 0
13716971100 0
13827066000 0
13801213783 0
13382581099 0
18657960822 0
13660730065 0
13511011299 0
13802581804 0
13651143006 0
13373644656 0
17727850097 35000
13764399988 0
13901048880 0
13816334456 0
13808190536 0
18676832616 0
16601166529 0
15801082888 0
13753112345 0
13636655229 0
13901480840 0
13811098277 0
18651646656 0
13566522626 0
13837888808 0
15121088018 0
18607147881 0
13860677076 0
18611423858 0
13807196029 0
13904733482 -100
15921922492 -100
13574124165 0
13634110290 0
13575898732 0
13574199907 0
18616806878 0
13810878017 0
13521032377 0
13320231866 0
13805056817 0
13600570578 0
15562551158 0
13529194278 0
18173573666 0
15859258272 0
15828243810 积分明细或系统赠送有翻页，建议手动处理
13801561938 0
13313771888 积分明细或系统赠送有翻页，建议手动处理
15372403302 0
17767262509 0
0406633483 -100
13764301376 0
13819885892 0
13696870304 0
13950107606 -100
13715262072 0
15827357886 0
13651999081 0
13770267768 0
15618795787 -100
13806025900 0
13615289558 0
15868106268 0
13911041993 0
15998155144 积分明细或系统赠送有翻页，建议手动处理
13508370608 0
13173230613 100
13917277268 0
13556161898 0
8618688787022 0
0481206159 0
18615277860 0
18573114599 0
13668077232 积分明细或系统赠送有翻页，建议手动处理
13817450819 -100
18203996669 0
18062595566 0
18339918126 -100
18929522566 积分明细或系统赠送有翻页，建议手动处理
13611934279 0
13703512539 -100
18665355693 0
13600904892 -100
13616006272 积分明细或系统赠送有翻页，建议手动处理
13681666611 0
13546371780 0
13917895232 -100
15967567116 积分明细或系统赠送有翻页，建议手动处理
13868087928 0
13508620297 0
18069081122 0
18605111188 0
13162956126 0
13881965626 0
13901491351 0
13767659888 -100
13910115849 -100
15853226800 0
13801263164 0
13816399251 -100
13506987131 积分明细或系统赠送有翻页，建议手动处理
13860115777 0
18669797767 0
13917534666 0
18620102890 -100
13818972982 0
15060067960 0
13314935158 0
15108333338 0
13948058181 0
13808609292 0
13918166812 0
13277098784 0
13801698703 0
13811553293 0
13505408282 0
13960779988 0
13601781615 0
13953220808 0
13822832345 0
13857378222 -100
18668111211 0
13901287646 0
13707043999 0
13435108388 积分明细或系统赠送有翻页，建议手动处理
13986160751 积分明细或系统赠送有翻页，建议手动处理
13608329245 积分明细或系统赠送有翻页，建议手动处理
13834699899 -100
15384014124 0
18959282086 积分明细或系统赠送有翻页，建议手动处理
13970003685 0
13850121327 积分明细或系统赠送有翻页，建议手动处理
13305361716 积分明细或系统赠送有翻页，建议手动处理
13926152980 积分明细或系统赠送有翻页，建议手动处理
17628049160 6000177
17628049160 6000177
