18612022888 0
13950008337 查无此人
18758249700 0
13250250797 0
13828060827 查无此人
0426277056 0
0439780306 查无此人
18721991787 0
18516211548 查无此人
13105157615 查无此人
17708005370 0
17772466901 0
18320924529 0
18696609000 0
13616152338 0
18140154995 查无此人
18221718747 0
0430205263 查无此人
15032168951 0
13540594550 0
0431764290 查无此人
13676327711 0
0452526101 查无此人
13866364121 0
13869852133 -100
0421736672 0
13361221855 0
19925658180 0
13715206972 0
13828852308 0
18560662219 0
13707043999 0
18620047701 0
18622121990 0
13719281710 0
13816854258 0
13761933193 0
13640561539 0
13816893795 查无此人
15305189991 0
18696175170 0
13616108576 查无此人
0402742188 0
13522981632 0
15711289188 0
610403513122 查无此人
61040351312 0
15060771607 0
18140175872 查无此人
15828243810 积分明细或系统赠送有翻页，建议手动处理
15228946997 积分明细或系统赠送有翻页，建议手动处理
18620933124 0
17762427787 0
13913898510 0
13522560867 0
0425603911 0
0452219256 0
13950303725 0
18653376370 0
18183286915 查无此人
18111224338 0
13908390068 0
13834204119 查无此人
13391563085 0
19895585758 0
15692140193 0
13616005387 0
13599508693 0
17813203023 查无此人
17621191919 0
13922796407 查无此人
18621189420 0
13501777659 0
13777020890 查无此人
18602199609 0
15111029427 0
15550679797 0
18210970997 0
13601889169 0
0401938612 0
18620492215 0
13588316771 查无此人
17611275906 0
0478478423 0
15998155144 积分明细或系统赠送有翻页，建议手动处理
18669875557 0
13906414567 0
18108188462 0
13808370787 0
13508370608 0
18610420519 0
13306361815 0
13880961776 0
13311101865 -100
0435835765 0
18113084323 0
13926516863 0
12121235225 0
18898439992 0
13922626343 0
156000005 查无此人
013621690777 0
17628049160 积分明细或系统赠送有翻页，建议手动处理
13989124969 0
18108025824 积分明细或系统赠送有翻页，建议手动处理
15108269939 0
13806693307 查无此人
18924175525 0
136060951780 0
17721150987 0
15163286996 0
13815207868 0
15912550258 0
14759768139 0
0438719892 查无此人
13915134111 0
13829798308 积分明细或系统赠送有翻页，建议手动处理
13971022997 0
13962413285 查无此人
13906036598 查无此人
13906234238 0
0478800871 0
18046427900 0
0405012999 0
13606910906 查无此人
15856956562 查无此人
13879998390 查无此人
15259296723 查无此人
13971150189 0
0415792793 0
0421657030 0
13867546035 0
111111 查无此人
0427067728 0
18561620918 查无此人
18621702168 0
0424388628 查无此人
0431395121 查无此人
15549452386 0
15926452440 查无此人
13476861865 0
18696138179 0
18696167830 查无此人
18502763715 查无此人
13297052701 0
13006175423 0
12345600216 查无此人
18827347982 查无此人
13808616792 0
18120559275 0
18120559272 0
18972810400 0
18655111605 0
13308624120 0
15392950091 0
13359516385 0
13437109291 0
18971245410 0
13476092133 0
15072339865 0
15071738803 查无此人
15391528015 查无此人
13636240114 0
18007282881 查无此人
18963958150 查无此人
13808699818 0
13339999631 查无此人
18971030216 0
18627134450 查无此人
13507130577 0
13339991679 0
18507114427 0
13554079421 0
13995582858 0
13807176165 查无此人
15327364538 0
18972107007 0
13797667567 0
13809088269 0
13355782439 查无此人
013959762990 0
18612321172 0
0412901086 查无此人
0432689309 查无此人
13890280732 查无此人
13882965327 查无此人
18380383953 查无此人
13808609292 0
15107135586 0
18908098351 查无此人
13860690852 0
13905002624 0
13859010008 0
13637780933 0
18183033723 0
13616006003 查无此人
13806093615 查无此人
13950135810 查无此人
15196634365 0
13950007598 查无此人
17760552170 -100
13881960780 查无此人
17710341203 100
18665355693 0
13671736422 查无此人
233414242 0
13902908591 查无此人
8618605929232 0
13905942095 查无此人
18850307115 查无此人
13452588889 0
13983367927 查无此人
23445334 0
15983758333 0
13982718331 0
17898128902 0
18981891144 0
13808018507 0
18982137717 0
18606838066 0
15928970675 0
13880629835 0
15388209937 0
13678163267 0
18520041313 0
13880331100 0
15928059432 0
13908224848 0
13698135077 0
13668134666 0
13228103381 查无此人
13551292191 查无此人
13800013800 查无此人
18901222259 0
18628398642 0
18081908538 0
18990334927 0
1300000000 查无此人
18990216222 0
13028117167 0
18019169981 0
17302817505 0
18615713100 查无此人
18981866577 0
1528435821 查无此人
13522093783 0
13908012300 0
13908068495 0
13980638822 0
15928906218 0
13810409835 0
13708363557 0
18908177347 0
18522933988 0
15308228878 0
18307607328 0
13308378866 0
13981721921 0
18729973765 0
18980944021 0
17781689062 0
18980994570 0
177612668125 0
18280171807 0
13811839456 0
18108034944 0
15183945666 0
18863908177 0
18030527968 0
13458559585 0
18842845707 0
13821390323 0
18878930696 0
15600561291 0
15108279070 0
13540306735 0
18977142283 0
13258343743 0
13200000000 0
13992259256 0
18113560606 0
13895745443 0
32542739177 0
18708163688 0
18048799305 0
13881802996 0
18103333376 0
15001057760 0
00123456789 0
15210115459 0
13980981897 0
13908015616 0
15846502608 0
13060067077 0
13911889851 0
18995667185 0
18612188379 0
12332102001 0
18008005467 0
13880888806 查无此人
01234567890 查无此人
13500000001 0
13613356566 0
15333828288 0
15100119655 0
13920355865 0
13808208120 0
18699166696 0
18086010170 0
18522536811 查无此人
13880591292 查无此人
13628060658 0
15008287698 0
13514406428 0
18018983641 0
13730601862 0
15839579830 0
17321898833 0
18080852999 0
18011481158 0
13309050331 0
13807738283 0
17755157208 0
18200253758 0
13752979576 查无此人
13683462068 0
18554828888 0
13916358787 查无此人
18513817988 0
18280711291 查无此人
18108025825 查无此人
18660359925 0
17760552188 -100
13510655395 -100
13961516882 -100
13330781368 0
13554519525 0
13634110290 0
18626172973 查无此人
13113655661 0
13316928199 0
13189103088 0
13612887280 0
18982135669 0
13231206668 0
15689745620 0
18040157485180 0
15963008181 查无此人
13801621405 0
15930766816 查无此人
13396486597 0
13910139415 0
13971123890 -100
13971163974 0
13601071590 0
15563102555 100
13665740112 0
18581576907 -100
18624369006 查无此人
13812069090 0
0433449977 查无此人
15151382918 查无此人
15962812288 查无此人
13518118019 查无此人
15162735363 查无此人
13506281111 查无此人
13012500900 查无此人
15312909988 查无此人
13706288386 查无此人
13623835126 查无此人
13814635168 查无此人
18252836179 查无此人
15950854086 查无此人
13793665079 查无此人
18660370064 查无此人
13070895111 查无此人
18046278439 查无此人
15725277793 0
18833438388 0
13679025555 0
13922218599 0
13506485429 0
13606050406 0
18950058915 0
13929553331 0
18038781763 0
13926152980 积分明细或系统赠送有翻页，建议手动处理
18576584664 0
13982776562 0
13435108388 积分明细或系统赠送有翻页，建议手动处理
13792600955 0
13652386925 0
13182750560 0
18511358703 0
18526795254 0
13681790013 0
13265020436 0
18866621511 0
13651988626 0
0425020666 0
13602898820 0
0433111111 0
0401340216 0
0411023520 查无此人
12345678993 0
15922565091 0
13086617615 0
13328635115 查无此人
13806009092 查无此人
13950080281 查无此人
18501555555 0
15805930876 查无此人
13906001781 查无此人
13971565411 0
17727850097 0
0422966151 0
13609590544 0
13685311811 0
13308503333 0
18116175197 0
13980616560 0
0420971101 0
0422350397 查无此人
0410710868 查无此人
0437891661 查无此人
0450009688 查无此人
98996100 查无此人
0426063840 查无此人
0411809878 查无此人
0426425559 查无此人
0477577677 查无此人
0450536931 查无此人
0451219192 查无此人
0410328887 查无此人
0430704603 查无此人
0431982535 查无此人
0405956666 查无此人
0420363106 查无此人
0416006979 查无此人
0416933721 查无此人
0401594696 查无此人
0435937060 查无此人
0415886158 查无此人
0405009788 查无此人
0430989620 查无此人
0432559988 查无此人
0451982369 查无此人
0401339988 查无此人
0433874666 查无此人
0451300825 查无此人
0430489634 查无此人
0414166631 查无此人
0448805166 查无此人
0438227588 查无此人
0410135085 查无此人
0405479020 查无此人
13549640999 查无此人
0488226779 查无此人
0407366762 查无此人
18668099619 查无此人
0423917319 查无此人
0420222693 查无此人
0433568860 查无此人
13825151188 0
0422528968 查无此人
0430985880 查无此人
0401576416 查无此人
0422244580 查无此人
0467736558 查无此人
0412567662 查无此人
0456786818 查无此人
0410627308 查无此人
0426240906 查无此人
0426813922 查无此人
0433336296 查无此人
0421468900 查无此人
0478792025 查无此人
0477481089 查无此人
0415084075 查无此人
0430186191 查无此人
0421110081 查无此人
0413620050 查无此人
0416610512 查无此人
0407246500 查无此人
0421188585 查无此人
0425395635 查无此人
0420330418 查无此人
0433799803 查无此人
13396188368 0
13705696390 0
13950399399 查无此人
18967671111 0
18673193999 0
13566522626 0
13905316956 0
18680825885 0
13668077232 积分明细或系统赠送有翻页，建议手动处理
18001986655 0
18183229329 0
2081751621 查无此人
13533117573 0
13824439477 0
15967567116 积分明细或系统赠送有翻页，建议手动处理
13608329245 积分明细或系统赠送有翻页，建议手动处理
13350387827 0
13883522666 0
13313771888 积分明细或系统赠送有翻页，建议手动处理
13055221117 查无此人
13903385918 0
13262563389 0
13906485331 0
13886008585 0
13860108877 查无此人
19906421614 0
15718063114 查无此人
13986160751 积分明细或系统赠送有翻页，建议手动处理
13616006272 积分明细或系统赠送有翻页，建议手动处理
13515965375 0
13459005940 0
13860175552 0
18959282086 积分明细或系统赠送有翻页，建议手动处理
15859258272 0
13896665160 0
13850121327 积分明细或系统赠送有翻页，建议手动处理
13859098666 0
13518665788 0
13350307726 0
18696791333 0
13311718951 0
13528791119 0
13522673391 0
13515512457 查无此人
13506987131 积分明细或系统赠送有翻页，建议手动处理
15859000142 0
13103918000 0
13939033845 0
13929934187 0
18059890502 0
15037112208 查无此人
17738709640 0
13907188238 0
13306485899 0
13600850357 积分明细或系统赠送有翻页，建议手动处理
13696812671 100
0432284038 查无此人
432665241 查无此人
0423564780 查无此人
0433012362 查无此人
13908308362 积分明细或系统赠送有翻页，建议手动处理
13328861060 积分明细或系统赠送有翻页，建议手动处理
13995639625 0
0420566638 0
18391605005 -100
13529194278 积分明细或系统赠送有翻页，建议手动处理
13860677076 0
15828049355 0
13133000838 0
13660612011 0
18929522566 积分明细或系统赠送有翻页，建议手动处理
13763808008 查无此人
13817561097 0
13642635159 -100
18922893809 查无此人
13771575535 100
15063657666 0
13668664285 -100
13929082819 0
18688551969 0
13852481941 -100
13760533457 0
13157757731 0
13903138680 0
13665352999 0
13455269532 0
13583218297 0
15260356091 -100
17763102227 0
13506988434 0
13589098777 0
1336978566 0
13356968388 0
13818603527 0
18948744087 -100
17587114136 -100
15550071932 -100
13476122892 0
13817484277 0
13816809858 0
13960909998 0
13438920448 0
13799962522 0
18950083869 0
13608097786 查无此人
13724382512 -100
13501312827 0
13061376188 查无此人
13864418688 0
15306205751 0
18100373555 100
18079608393 0
15335178180 0
15641526028 -100
13405204688 0
15961681979 0
18437327762 -100
15951317611 0
13606622546 0
15562420999 100
13466662721 100
13862057633 0
15721690096 -100
18601777380 0
13611639672 0
18668143377 0
13817450819 0
13227295417 0
17612101183 0
13764881389 0
13482322050 0
13908028215 0
13952800555 0
18605111188 0
13002173380 0
13917277268 0
15618650220 0
13960779988 0
17782315885 0
18261881698 0
13816560769 0
13817117701 0
13795495970 0
13750619806 0
13901617800 0
13322058181 0
18650779858 0
18950069677 0
18519009496 0
18516357681 0
13917307988 0
0411352613 0
18161405660 0
13958492255 0
13805056817 0
13959286061 0
13817528398 0
13980562356 0
18981766383 0
13980386109 0
13917254729 0
17767262509 0
18685108360 0
13658051230 0
13636325355 0
15900591615 0
13901789619 0
13917907020 0
13515059308 0
13705328929 0
13371576777 0
18561962332 0
15335322631 0
13951001308 0
13980017956 0
13806461566 0
13799556006 0
15054256668 0
13811553293 0
13696922693 0
13918180331 0
13666004444 0
13788934368 0
13817636515 0
13601786695 0
18702181535 0
18964112050 0
15054890227 0
13969692138 0
18669797767 0
18930904817 0
13811908888 0
13806043226 0
15059815666 0
13153249998 0
13361328277 0
13854946778 0
13720810799 0
13917462311 0
13553058998 0
15253263618 查无此人
15653210077 0
18981503788 0
13808001690 0
13909066661 0
18981504788 0
13987096678 0
61420690414 0
15063841448 0
18681988388 0
18847337777 0
15928094269 0
13703512539 0
0406633483 0
13696885210 0
13581864568 0
18500073113 0
13605088309 0
18059829986 0
13960913559 0
15201781747 0
13917335832 0
13916039027 0
13321887136 0
18018359998 0
61411198052 0
18312121212 0
13599066990 0
13901839194 0
13876375007 0
13916174119 0
13052232649 0
13671925898 0
13311865584 0
13819885892 0
13960065580 0
13817294401 0
18221627032 0
18516135079 0
13816036105 0
13962151260 0
13810510105 0
13803344657 0
13764563083 0
18805928883 0
18950860596 0
15000203828 0
13906947571 0
13599911766 0
13764301376 0
18559029512 0
15960097733 0
18650753036 0
13559177827 0
013606284889 0
13859907590 0
18605929640 0
15860756008 0
18665919109 0
13917331777 0
13950409967 0
13799792102 0
15060782610 0
0432627883 0
13275028528 0
13950081666 0
18559689888 0
13394058813 0
13806008251 0
18650802636 0
13850093505 0
13003988966 0
15960225590 0
13606918077 0
18050029318 0
13774277520 0
13859958563 0
13500501367 0
13799298726 0
18650128707 0
13796068855 0
13896199913 0
18650290661 0
15238218688 0
13708982647 0
13906050852 0
17859909999 0
13616054097 0
18650119907 0
13459269790 0
13860700303 0
18613361329 0
15159812789 0
18159897919 0
13666076192 0
13916343622 0
13859999373 0
18906055550 0
13606011676 0
15960258278 0
15807142088 0
15960281681 0
13365656588 0
13806064588 0
13906942053 0
18906020622 0
13799257175 0
13950109830 0
13906170018 0
18201764380 0
13799934576 0
15000711613 0
13880511818 0
18601580202 0
13501707865 0
13314935158 0
13671972118 0
13651629067 0
13585781585 0
15621005810 0
13815100029 0
13681666611 0
13564964509 0
15821793592 0
15316050250 0
13807140477 0
13902072942 0
18678960832 0
15060067960 0
13107670825 0
13075818866 0
13696870304 0
13950488513 0
13818958127 0
13524058443 0
13799973050 0
13003880665 0
13851795989 0
18650333131 0
13981861871 0
18930863333 0
13599526009 0
13585515332 0
15618777322 0
13705793086 0
13810163608 0
13816139177 0
13808542691 0
13724684221 0
18626155045 0
61451959034 0
15859280537 0
13601662522 0
13801631530 0
18601197171 0
13707295111 0
13960885815 0
13567016777 0
13918166812 0
13661967567 0
13818362218 0
18606919622 0
18901696612 0
18689684536 0
13275075587 0
18979670166 0
15060012917 0
13546371780 0
13386321111 0
13585518689 0
18908177168 0
13883433330 0
18655555458 0
13915796666 0
18917571569 0
13916160912 0
13901688246 0
15088688089 0
13754202000 0
13377852302 0
13952812188 0
13166265559 0
13594123885 0
13916210863 0
13587639118 0
18930826222 0
13317137288 0
13935108055 0
13816214688 0
18960097758 0
13806947118 0
13903461116 0
13593162097 0
13960775723 0
18653116333 0
15051894898 0
0420969696 0
13818794816 0
18959289628 0
18062595566 0
13807196029 0
13906959058 0
189600629990 0
13908017700 0
18916485879 0
15888820178 0
18969138670 0
13653892513 0
15696085666 0
13860115777 0
13950107606 0
15927288009 0
13585166086 0
13881982186 0
15921039110 0
13651886465 0
0449730106 0
18050081797 0
13023121874 0
13918052746 0
13598778779 0
18019351645 0
13859598610 0
13023988508 0
13918150271 0
13600888691 0
13662199813 0
15921552670 0
13500362305 0
13567916408 0
0406318649 0
15505352696 0
18681433035 0
0210621826 0
13808330330 0
13701976574 0
13904733482 0
18003815234 0
18657180895 0
15106917888 0
13801082539 查无此人
13162515887 0
13516886189 0
13646823663 0
18658171777 0
15604569555 0
18601055308 0
13523026982 0
15961209686 0
13925760599 0
18621580936 0
13770809995 0
13510001869 0
18630889837 0
13908037189 0
9882776 0
13908324000 0
13965134927 0
13908323451 0
13855135774 0
18616682300 0
13320231866 0
18671266333 0
13325119509 0
18623321173 0
18628173996 0
17621285001 0
18602288122 0
85266101105 0
13600904892 0
18822890823 0
15999693310 0
13684063787 0
13788924999 0
13792821753 0
18621908825 0
13781508222 0
13723481669 0
13606001829 0
18506999616 0
13501711174 0
15901396139 0
13501718663 0
13701988352 0
13524002178 0
18221280028 0
18628168178 0
13801720987 0
13857072376 0
15068613907 0
15939168888 0
18616516253 0
13357087118 0
13958042718 0
13818300315 0
13850025794 0
13995520095 0
13906502011 0
15108333338 0
13852560070 0
13376313657 0
18696606000 0
18989192306 0
13770596088 0
13559172105 0
13983378666 0
13990004123 0
15900777757 0
15880000700 0
18907120973 0
18626126166 0
13506390832 0
17753101957 0
13305708681 0
13918952176 0
13859999836 0
13708086669 0
13955322020 0
13337807033 0
13813865940 0
18651694820 0
13959295000 0
13810480131 0
13701724593 0
13311800766 0
13701998274 0
13574124165 0
15850273003 0
13708325320 0
13950099657 0
13882282068 0
15921922492 0
15801708763 0
18601705251 0
13752739668 0
13916619858 0
13957548190 0
13667315157 0
13817339428 0
13817163247 0
15985885768 0
17717689085 0
15825769291 0
13980622690 0
15908980302 0
13913955948 0
13857100409 0
18092028881 0
13386062627 0
18611155699 0
13436910366 0
15968008800 0
15562551158 0
13881965626 0
13521032377 0
13818890408 0
18360885330 0
0401378498 0
13324448833 0
13715262072 0
18573114599 0
18654677787 0
13995612072 0
13918391277 0
13817387982 0
15006866616 0
13901981858 0
18538120801 0
18750176551 0
18057405079 0
13783660029 0
13948058181 0
13817864928 0
13306836618 0
13959237269 0
13916922265 0
13608321209 0
821007802 0
13764196906 0
13813137331 0
18679133816 0
15021976156 0
13588165962 0
13918553518 0
18616873920 0
15391502056 0
15980650580 0
18019720899 0
15201967571 0
18930502013 0
13681917110 0
13762459165 0
13967373515 0
13095960058 0
17715245569 0
13151058813 0
13818346860 0
13788917812 0
15340397696 0
13860111121 0
13817883459 0
18863953938 0
13682889568 0
13382041355 0
13951639669 0
15300667375 0
15021884584 0
13863178866 0
13600869702 0
13013730288 0
15201932011 100
13210278726 0
13908310087 0
13917105055 0
13730960629 0
13641732625 0
13304666617 0
13301909679 0
13799985816 0
13801826705 0
13508620297 0
13906034287 0
13075326550 0
13621926849 0
13903000388 0
15902198627 0
15103562999 0
15810100100 0
15618560811 0
13606456730 0
13569504970 0
15800846879 0
15261549967 0
18858182900 0
13735883386 0
13851821236 0
13808428829 0
13482574327 0
18202175413 0
15372403302 0
18663892722 0
13883383748 0
13806798758 0
18905107966 0
13720098798 0
13970003685 0
13828997977 0
18605770550 0
13641172867 0
13711162057 0
13370070913 0
13556161898 0
13951018999 0
13540248666 0
13801698703 0
13552022132 0
13600887575 0
13501376710 0
13718681066 0
13916706497 0
13952092607 0
13764372331 0
18121681533 0
13801864230 0
15002110963 0
18905739205 0
15601280720 0
13770512175 0
18918566075 0
15902115180 0
13311588016 0
13656023389 0
13805840964 0
15327327530 0
18810620817 0
13501692288 0
18111580911 0
13908233216 0
15900769393 0
13918003246 0
18173573666 0
13269919911 0
13651999081 0
18221664269 0
13999788210 0
18228005095 0
13501681213 0
15860777888 0
13918098558 0
18686159797 0
18805325327 0
18339918126 0
13452839488 0
18611819916 0
13522706782 0
13716228686 0
18905925900 0
18116175070 0
13770702527 0
15821316768 0
18116176516 0
18116175062 0
18116175358 0
13860191866 0
13801854359 0
13701386339 0
13651727303 0
18328661271 0
13916904286 0
13589239390 0
18510601111 0
18513781319 0
13708957286 0
15953271333 0
13810603650 0
13661995553 0
17316083982 0
13961729123 0
15865646662 0
13312525559 0
18600262149 0
04000576 查无此人
13661915513 0
12345600224 0
13681818088 0
17600041102 0
13381113681 0
13006150551 0
13905228875 0
13761010754 0
13818080202 0
13088868988 0
18611552567 0
18049853323 0
18601019722 0
13801119561 0
13525923784 0
13917895232 0
13911205194 0
13608726820 0
13738036820 0
18668113577 0
18768457127 0
13701869509 0
18674859120 0
13880303333 0
10424549229 0
19916735944 0
13469972129 积分明细或系统赠送有翻页，建议手动处理
13918389668 0
13918539046 0
13908317898 0
13687646233 0
13927303443 0
13003918187 0
13913556700 0
15801271723 0
15901109580 0
18620102890 0
13688387082 0
13506666552 0
18111876044 0
18680819911 0
13767659888 0
18611830928 0
15952935090 0
15985764888 0
13816371428 0
17721345598 0
13908384043 0
13661604019 0
13550091222 0
17686603032 0
13813996548 0
13960729779 0
0405383138 0
13808879007 0
13883286116 0
13583399939 0
13806288897 0
13552689265 0
15340025429 0
15696596655 0
17635849999 0
13985569930 0
13564536373 0
13761126973 0
13067271871 0
13810817185 0
13911768114 0
13849614013 0
15958359505 0
13693269746 0
18811046009 0
13012521220 0
18511984711 0
13916833788 0
13601100969 0
13808413622 0
18767289816 0
18611945440 0
13016990117 0
17310508300 0
15318883190 0
13732253025 0
13810161936 0
13908366975 0
13905902882 0
13811422777 0
18678290625 0
15988809985 0
15980697132 0
13842623555 0
18621691729 0
13575716644 0
18221861938 0
18801169888 0
13521971218 0
13901716643 0
15826098596 0
13661775561 0
13227759039 0
15336748599 0
13328252053 0
18610989174 0
13901200035 0
13901103323 0
13829981796 0
13567782200 0
18017279360 0
18604499111 0
13677880577 0
15959225106 0
13363853777 0
13952751692 0
13585879806 0
13764215484 0
13764730260 0
15834051353 0
13958118792 0
13701730234 0
13820959369 0
18522585656 0
13559455752 0
13910758497 0
15103303508 0
15957983666 0
15573116838 0
13370857708 0
13795268691 0
13906014348 0
18607147881 0
13901076755 0
15201547339 0
18610557819 0
13705818658 0
18685103339 0
18608501197 0
15825507727 0
18690631999 0
18913827006 0
13675168768 0
18664646333 0
13786779778 0
18711778732 0
18615277860 0
18686887879 0
15900598010 0
18500225568 0
15901000999 0
18062132921 0
13857378222 0
13338627888 0
13910115849 0
18603663977 0
18601342899 0
13108984592 0
18940845999 0
18563129742 0
0456989999 0
13540295324 0
13792873333 0
15806537222 0
135017777659 0
18611203032 0
18610097133 0
15901592405 0
18090968816 0
13559172106 0
18939768699 0
18653250952 0
13365181726 0
13601625752 0
13969826802 0
18905910314 0
18663608577 0
13808082096 0
18964176757 0
18159082666 0
13303226898 0
13651767212 0
13815254647 0
13706505888 0
15882000338 0
13522002168 0
13601212293 0
13801117996 0
13910023730 0
13564824909 0
18147119825 0
0085256601901 0
15858595063 0
18658818888 0
13585342323 0
18610419315 0
15958177722 0
13453459988 0
18918299929 0
13921095187 0
18701555756 0
18626156756 0
13336011868 0
13069968888 0
13321808572 0
13801807840 0
13808384656 0
15271813000 0
13301901109 0
0455969996 0
18964889500 0
15153121888 0
15618795787 0
13707314171 0
13326239016 0
13292616608 0
15074366666 0
18930112829 0
13851525737 0
16603110005 0
18980625888 0
18602016188 0
13585793076 0
13321122477 0
13901957351 0
13910572110 0
13761681725 0
13564838606 0
13305193131 0
13906002622 0
13316159166 0
13905798226 0
13918979667 0
18665855888 0
13555881515 0
13806401698 0
13482660133 0
18627036295 0
13834699899 0
18627011983 0
13888157683 0
18813267666 0
15120895777 0
15279115856 0
15011555018 0
13524340929 0
13182555276 0
8618688787022 0
18605323739 0
13833691708 100
13605828206 0
13916103575 0
13907002255 0
18663600060 0
13911885655 0
13816672115 0
13501819642 0
13585313377 0
13621972918 0
13801213783 0
013501597290 0
18108200991 0
13908039972 0
13894855686 0
13505343598 0
13764035116 0
13581632052 0
13812184555 0
18038005142 0
18756568881 0
18501600733 0
13801561938 0
18098889699 0
13671193697 0
13257313888 0
13964312583 0
13911182068 0
15026968929 0
13473992688 0
13384380006 0
13551274073 0
18069081122 0
15157587775 0
13916898266 0
13816399251 0
13867805206 0
18616570035 0
13908399081 0
13907163566 0
13739098884 0
13162956126 0
13916307008 0
13701793636 0
15618982460 0
15898747088 0
13817876548 0
15553306688 0
13806476777 0
13701069120 0
13880184790 0
15564133128 0
13797160111 0
18963251877 0
13806021409 0
13858171878 0
13817665820 0
15990997166 0
13301195812 0
13917166767 0
13509362345 0
18623033713 0
13505408282 0
13581902183 0
18018626489 0
18616839668 0
18505086565 0
13564869326 0
13709482680 0
13600570578 0
13660030092 0
13655091993 0
13799982729 0
13621824436 0
13550030813 0
18930513332 0
13575898732 0
15962196345 0
18601942587 0
13391956688 0
13807186236 0
13905816084 0
13008909708 0
13570889108 0
13633416396 0
18622570888 0
13583251433 0
18618187255 0
18905439916 0
13524666431 0
18611519321 0
18780568333 0
13540137681 0
15853226800 0
13361082856 0
18678616291 0
13706962670 0
13717973287 0
13667180871 0
13954276875 0
13816245718 0
13818340247 0
17717655554 0
18661808052 0
13698099866 0
13805516353 0
18653272118 0
15318791799 0
18171905506 0
13513167637 0
13806018776 0
13686369999 0
13305321628 0
18986198755 0
13506009936 0
13718764339 0
13805909489 0
18621803589 0
13886112782 0
13361881017 0
13354313381 0
13905814711 0
13799379733 0
13382581099 0
18036535366 0
13513513246 0
15618218968 0
13868027563 0
13811931555 0
13622049746 0
15825597888 0
13764537888 0
13968080337 0
13683617635 0
13660730065 0
18515985119 0
13801326281 0
13683376811 0
17740861557 0
13911903552 0
17717287228 0
13905086863 0
13951106190 0
13709286112 0
18959861822 0
13511011299 0
13330206088 0
18961737775 0
15852532008 0
13812292672 0
18650100799 0
15996628698 0
13671395505 0
13601357147 0
13916185743 0
18968150222 0
85266998122 0
18801398803 0
13313806311 0
13916002821 0
15290432836 0
13600806862 0
13277098784 0
13705022988 0
13906521835 0
13870468181 0
13617042288 0
13931548810 0
18198219939 0
13763217673 0
13682187868 0
13990159999 0
13901753826 0
13799296784 0
18602350705 0
18952008330 0
15069149117 0
13826085036 0
13621860516 0
13962361912 0
18626238158 0
13661373629 0
13801291027 0
13651259469 0
13913133991 0
15000300593 0
18101812299 0
15905311778 0
13882123381 0
13665327637 0
18801948915 0
13682588101 0
13862187663 0
13914320328 0
13813513131 0
13573118898 0
18122780882 0
13701173135 0
18657960822 0
13651143006 0
13120629970 0
18600223838 0
18952007278 0
13921526659 0
18073155345 0
13701358115 0
13818139523 0
18600273456 0
18972123103 0
13909856677 0
13980650960 0
13823355745 0
13658330773 0
18538728912 0
13822832345 0
15098812222 0
18611646663 0
13916296216 0
13835106777 0
13570928797 0
13615289558 0
13773442811 0
13571879515 0
13075878177 0
13922878698 0
18611423858 0
13305361716 积分明细或系统赠送有翻页，建议手动处理
15805350320 0
13313851057 0
17317703563 0
18612728983 0
15221669926 0
13901491351 0
17310556562 0
15928662171 0
18675537430 0
13716641105 0
13971429753 0
0421244582 0
13898813993 0
13926018026 0
13588858120 0
13574199907 0
13253557768 0
13861036583 0
13926006114 0
13560435224 0
13806004697 0
13599816323 0
18011519586 0
18680892398 0
15380336166 0
13902304138 0
85298370079 0
0435452953 0
18609316363 0
15721417913 0
13505800259 0
13714436096 0
13997054519 0
13801263164 0
18976391967 0
13971300036 0
13777900618 0
13600979486 0
13925104066 0
18633889825 0
15868106268 0
15321222820 0
18607089980 0
13963165663 0
13651961995 0
13818972982 0
13917566966 0
13901048880 0
13999892933 0
13816965399 0
13606299367 0
13995192116 0
13906832432 0
13818905954 0
18926002516 0
18063780280 0
13959518686 0
18602718765 0
15938526021 0
18953558638 0
13305335388 0
13564903540 0
18668111211 0
13701163400 0
13960999678 0
15712951922 0
13373644656 0
13519506816 0
13305360979 0
13601905411 0
15901169022 0
13609768224 0
15937508989 0
18616806878 0
13469076888 0
13951313886 0
18553228178 0
18017755133 0
18202902556 0
13705931009 0
13911041993 0
13889807269 0
17685792678 0
18918680303 0
17750660566 0
15827357886 0
13918316393 0
16601166529 0
13511016858 0
13801113697 0
13683214266 0
13998289326 0
13818165607 0
13636693015 0
0421634783 0
13718206751 0
13852001277 0
13661817576 0
15308184128 0
13570613988 0
13345119617 0
18930642548 0
13605169599 0
18006811731 0
18351462377 0
15305222675 0
15262093026 0
13806031312 0
13585534901 0
13671971415 0
15801761578 0
15121088018 0
13808961126 0
13732099807 0
13661202005 0
13646736886 0
17742784342 0
13328106256 0
13801129707 0
18917303668 0
18612540424 0
13814275915 0
18203996669 0
13902905357 0
13802920211 0
13764046161 0
13601508603 0
13914719588 0
15825766637 0
13067898888 0
13989522968 0
18025391763 0
15698587808 0
18605501222 0
18906393778 0
15002508811 0
15972929777 0
13606628215 0
13069881069 0
18601196503 0
13906335307 0
18075868666 0
18742928888 0
18050171432 0
13917101600 0
18755933458 0
18098578631 0
13809170196 0
18903731150 0
18820030596 0
13311294854 0
13811792908 0
13257316818 0
13501038394 0
13701011625 0
18950100192 0
13813307277 0
13816581823 0
15921960616 0
13810878017 0
18516678968 0
13885156433 0
18996700925 0
13920470118 0
0468542086 0
18605919853 0
18950080892 0
0468712461 0
13913822621 0
13681762227 0
13917534666 0
13354602178 0
18600580562 0
18918518887 0
15892005152 0
13611880206 0
18922770480 0
15801082888 0
13575780451 0
13509660896 0
18013221273 0
13792473888 0
13701922223 0
18610060119 0
13926462393 0
13815922168 0
15815590733 0
13716971100 0
13811038707 0
18817770676 0
13738010278 0
13701213648 0
18600631713 0
13817388900 0
13917037419 0
18620071047 0
15601366338 0
13566510255 0
18805327166 0
18660266166 0
13377858777 0
0449512686 0
13501356737 0
13634159172 0
13162945050 0
13827066000 0
13806163832 0
18629695111 0
13981829757 0
13888766633 0
18186768777 0
15555677777 0
13705139693 0
0434288306 0
13173230613 0
15866582000 0
13188232388 0
18853128688 0
13003151003 0
13816334456 0
13840580058 0
13607128905 0
18571516333 0
13696979081 0
18538575061 0
18901348336 0
18000530076 0
13795265906 0
18068887788 0
13911096303 0
13857100535 0
18693556000 0
15322832928 0
18627125616 0
13501765499 查无此人
13753112345 0
18605315370 0
66651607777 0
13738886595 0
13973066666 0
18789469189 0
18818000552 0
18018674068 0
18959228813 0
13609620187 0
0411073863 0
13868087928 0
13806088822 0
18769712777 0
18601305895 0
13817811679 0
13917847429 0
15960211672 0
13893369963 0
17727980822 0
13917316567 0
13785725288 0
13606006108 0
13901491350 0
13621282551 0
13801802255 0
18986668333 0
13989430301 0
13770267768 0
13636655229 0
18785136730 0
15638128588 0
13801688249 0
13903026467 0
18267601258 0
15305311679 0
18088121347 0
15901246350 0
13313787688 0
13519706986 0
18628954411 0
15770109888 0
0412151508 0
18979968000 0
13382797800 0
13501778231 0
18676832616 0
18950099976 0
13306224988 0
13902954500 0
13636499356 0
13295810575 0
13221033001 0
13901101737 0
15216618801 0
15813364032 0
13621325437 0
13682075506 0
13822234701 0
17372271182 0
13911465313 0
15021696153 0
13306533232 0
18191559209 0
18653276226 0
13911322566 0
18580580552 0
15911117911 0
13817181525 0
15384014124 0
18601948613 0
15710095308 0
15510689473 0
13687590093 0
13522813585 0
13444444477 0
13701162213 0
15716216004 0
13402033648 0
13661102456 0
13809219898 0
13829130318 0
13817568586 0
15980969696 0
13901176079 0
6587875544 0
13901071590 0
13953220808 0
13811191478 0
18327555556 0
18601259663 0
18600809663 0
13832801979 0
15021188701 0
13861936789 0
18190698919 0
17821805006 0
13901287646 0
13810965990 0
13811729081 0
18651646656 0
15807163232 0
13501740571 0
13701766260 0
13641684211 0
0420350343 0
13601781615 0
15376910000 0
13764399988 0
17319123126 0
13327810429 0
13551016613 0
18600050316 0
18054308867 0
13336374567 0
18771929464 0
18902463537 0
13910860861 0
18765258969 0
13002151496 0
13603033834 0
13589190077 0
13397115098 0
13668240420 0
0481206159 0
18750760699 0
13906388936 0
15901336483 0
13871041111 查无此人
18950419199 0
13906051225 0
13814813158 0
13535051953 0
18810649108 0
18916615002 0
13908110393 0
18057488765 0
13806633556 0
13983678739 0
13901123919 0
13701144137 0
13928682584 0
18918739089 0
13910269676 0
17800851272 0
18917509401 0
13346659045 0
13517089998 0
15811391777 0
13533055945 0
13916788383 0
13911710949 0
13564269979 0
13414493403 0
18939818915 0
13992789891 0
0402046507 0
15356817868 0
13806025900 0
13105418502 0
18611209017 0
13914166636 0
13917318687 0
15618053355 0
13774589197 0
13611934279 0
13823277613 0
18925339191 0
13764569137 0
18822448799 0
15901202301 0
17718371791 0
0414204390 0
13816387263 0
13391835229 0
18050079188 0
17601025539 0
13121805660 0
13816316282 0
13882079796 0
18813162705 0
18938990102 0
18628051050 0
13806595828 0
13907314089 0
15158221059 0
13116184814 0
18801198107 0
13834147528 0
18632655332 0
13799726333 0
13911266072 0
13125081803 0
13370750608 0
18618340378 0
18015359993 0
13602868840 0
15213452889 0
13957629600 0
13909207813 0
13521302581 0
13396067269 0
18627707775 0
13922730446 0
18902261188 0
18602032968 0
13302214288 0
13171931568 0
13601789681 0
18050087888 0
13098285683 0
0415881007 0
18310685177 0
18688795556 0
13801751782 0
13862333110 0
17521385111 0
13911129367 0
13601212941 0
13809834357 0
13161528320 0
13810445233 0
13901480840 0
13153459682 0
0450739083 100
18964163325 0
13688806493 0
13866072323 0
13393301521 积分明细或系统赠送有翻页，建议手动处理
15098889777 0
13811220032 0
15756381539 0
13969124822 0
18121111906 0
13823252888 0
13714764190 0
13522944315 0
13910447187 0
15011073198 0
13817778317 0
13816031667 0
13901522211 0
13893166251 0
13809094219 0
13928760800 0
13808190536 100
18688683528 0
13553339511 0
13880288899 0
13566050075 0
13852851055 0
13906536981 0
13510028166 0
18605848014 0
17878798765 0
18668881960 0
13661178690 0
13732286180 0
18035609999 0
13811098277 0
18121317975 0
18651108661 0
13802581804 0
13854338569 0
13661184628 0
13916086915 0
15316555606 0
15161997658 0
18913100130 0
13250966888 0
18140154998 查无此人
18501730587 0
13837888808 0
15921724860 0
15801808326 0
13910128887 0
18700000001 0
18981840555 0
18111491856 查无此人
18312564513 查无此人
18560684999 查无此人
19950658757 查无此人
13031036769 查无此人
13045979263 查无此人
13054816322 查无此人
13072506536 查无此人
13218123525 查无此人
13242001885 查无此人
19923491531 查无此人
18774573362 查无此人
18814130871 查无此人
18815610623 查无此人
18823199739 查无此人
18828556327 查无此人
18874923820 查无此人
18904611222 查无此人
18922416219 查无此人
18980814879 查无此人
18981854437 查无此人
18166385889 查无此人
18217158818 查无此人
18221900160 查无此人
18225474686 查无此人
18277760459 查无此人
18328588177 查无此人
18580219637 查无此人
18590390928 查无此人
18719180598 查无此人
18725849632 查无此人
15928037550 查无此人
15928871664 查无此人
15986714499 查无此人
16602378559 查无此人
17302603790 查无此人
17323972021 查无此人
17353266032 查无此人
17356243432 查无此人
17795424033 查无此人
18102268242 查无此人
15260022515 查无此人
15361483303 查无此人
15730486881 查无此人
15736121227 查无此人
15736233138 查无此人
15736378384 查无此人
15826176077 查无此人
15871792831 查无此人
15884433913 查无此人
15918384776 查无此人
13776165109 查无此人
13808036327 查无此人
13864029636 查无此人
13864085728 查无此人
13881823365 查无此人
13882032386 查无此人
13896872114 查无此人
13916862468 查无此人
15183918197 查无此人
15187136196 查无此人
13594235827 查无此人
13617620768 查无此人
13628341472 查无此人
13628571136 查无此人
13640939675 查无此人
13657690950 查无此人
13699456369 查无此人
13699460670 查无此人
13710678057 查无此人
13717021139 查无此人
19898243009 查无此人
13122028041 查无此人
13134328052 查无此人
13190427286 查无此人
13381501967 查无此人
13527331955 查无此人
13554878239 查无此人
13557459392 查无此人
13563463817 查无此人
13573245016 查无此人
18771160791 查无此人
18771225988 查无此人
18866249612 查无此人
18866404458 查无此人
18882042956 查无此人
18911492976 查无此人
18915954462 查无此人
18916701375 查无此人
19151307689 查无此人
19864701804 查无此人
18301803618 查无此人
18323799017 查无此人
18363033199 查无此人
18372202910 查无此人
18612795582 查无此人
18716537768 查无此人
18730031707 查无此人
18761805571 查无此人
18763134931 查无此人
18767759021 查无此人
17323513985 查无此人
17630505772 查无此人
17784222344 查无此人
17827098292 查无此人
18008060465 查无此人
18029552732 查无此人
18054512623 查无此人
18075601895 查无此人
18172595697 查无此人
18190802298 查无此人
15821714823 查无此人
15871586783 查无此人
15910736039 查无此人
15912342049 查无此人
15923087321 查无此人
15931254719 查无此人
17137288818 查无此人
17170999571 查无此人
17302827101 查无此人
17308385848 查无此人
15503723759 查无此人
15536533867 查无此人
15588113535 查无此人
15588692619 查无此人
15595221979 查无此人
15718066183 查无此人
15723190261 查无此人
15777300347 查无此人
15807957672 查无此人
15821618569 查无此人
15050639423 查无此人
15063080125 查无此人
15063334451 查无此人
15101104320 查无此人
15108466160 查无此人
15221997879 查无此人
15223775714 查无此人
15235368838 查无此人
15269163190 查无此人
15355468983 查无此人
13922484457 查无此人
13934704133 查无此人
13946734016 查无此人
13955839744 查无此人
13962617740 查无此人
14781898126 查无此人
15021660938 查无此人
15023493303 查无此人
15023521690 查无此人
15023911053 查无此人
13565312395 查无此人
13567175029 查无此人
13570838972 查无此人
13661227247 查无此人
13691513468 查无此人
13728972551 查无此人
13798388734 查无此人
13809544310 查无此人
13914450020 查无此人
13922101342 查无此人
13456751234 查无此人
13459258128 查无此人
13488922281 查无此人
13521039621 查无此人
13530816996 查无此人
13530848512 查无此人
13545254515 查无此人
13563496229 查无此人
13564062800 查无此人
13564929487 查无此人
13246879830 查无此人
13255907693 查无此人
13371729059 查无此人
13402804063 查无此人
13414512534 查无此人
13419644400 查无此人
13428485626 查无此人
13438237976 查无此人
13439641162 查无此人
13439750841 查无此人
13178840128 查无此人
13274984662 查无此人
13337818718 查无此人
13455713808 查无此人
13489189288 查无此人
13552993920 查无此人
13632495264 查无此人
13953125947 查无此人
15730386552 查无此人
18899852282 0
17317757573 0
18616835585 0
13705016555 0
18161329897 0
13320877818 0
15996210317 0
13501778938 0
13911997400 0
13022987666 0
13919335888 100
17726934562 查无此人
13909310734 100
13817936709 0
13520187909 100
13851816501 0
18508397083 0
18894320915 0
13683018213 查无此人
0402779977 0
0405561521 0
0407958090 -100
0411437300 0
0413435973 0
0414590706 0
0416891124 0
0420661989 0
0426086339 0
0430400170 0
0431577856 0
0433072354 -400
0434918711 0
0434918733 0
0435382486 0
0450120816 0
0450240206 0
0450947221 0
0452223418 0
0468886069 0
13012430313 0
13018003973 0
13022981666 0
13023828581 0
13030893833 0
13032376315 0
13036369953 0
13036499993 0
13055207170 0
13064080733 0
13065955266 0
13068871271 0
13070268336 0
13072392703 0
13072702459 0
13075809988 0
13075905562 0
13075923188 0
13078850626 0
13081865515 0
13096751180 0
13102333728 0
13110931441 0
13113308030 0
13120599616 0
13127678743 -100
13129129418 0
13130171987 0
13130284190 0
13133534767 0
13133568950 0
13138265636 0
13148951810 0
13162200636 0
13167887006 0
13168802640 0
13178272942 0
13180120665 0
13194094133 0
13199468652 0
13208727733 0
13224093952 0
13231383666 0
13235917982 0
13238445597 0
13276022186 0
13286801103 0
13297925772 0
13299083221 0
13302319816 0
13302319930 0
13305918709 0
13305921997 0
13308350929 0
13311032749 0
13315351314 0
13320339662 0
13320829915 0
13328529404 0
13328628646 0
13328773230 0
13330450718 0
13333353307 0
13333359198 0
13338296457 0
13353569886 0
13356868109 0
13356868189 0
13358057199 0
13358233091 0
13360916212 0
13360925895 0
13380703119 0
13381227106 查无此人
13383604566 0
13389619557 0
13395000518 0
13395029561 0
13397181205 0
13399042400 0
13405257458 0
13405913146 0
13410932568 0
13415843046 0
13426795091 0
13427143809 0
13434252434 0
13434390099 0
13435421920 0
13466611760 0
13487541608 0
13500120001 0
13501125963 0
13501166121 0
13501176507 0
13501189119 0
13502408148 0
13502408339 0
13507019715 0
13507100463 0
13509323870 0
13509373517 0
13509583635 0
13509854962 0
13510077773 0
13510606487 0
13512789503 0
13518171992 0
13520117601 0
13521168371 0
13524560360 -200
13527393542 0
13527651800 0
13528892727 0
13533041607 0
13533673943 0
13533955911 0
13538737315 0
13543431635 0
13545002316 0
13550040607 -200
13554522520 0
13559928984 0
13566458262 -100
13567193327 0
13568186668 0
13575912836 0
13578696333 0
13580463363 0
13581542206 0
13582458678 0
13585950623 0
13586831753 -100
13590539053 0
13594016999 0
13599067715 0
13599098720 0
13599494212 0
13600014311 0
13600825882 0
13600829952 0
13600908417 0
13600969268 0
13602210161 0
13602212582 0
13602217276 0
13602513150 0
13602550054 0
13606046190 0
13608095917 -100
13608328625 0
13609059211 0
13609529969 0
13609560262 0
13609591457 0
13609891811 0
13611110773 -100
13613357016 0
13614026830 0
13617618866 -100
13622277217 0
13624203567 0
13632383909 0
13635442859 0
13636988605 0
13637883889 0
13655702224 0
13659849358 0
13660722852 0
13662538181 0
13664149247 0
13666026990 0
13666078596 0
13666099908 0
13667673188 0
13669377027 0
13675739848 -100
13678001899 0
13684329201 0
13684807649 0
13687613175 -100
13688163068 -100
13691946792 0
13696826274 0
13696870035 0
13696888933 0
13696945312 0
13696965833 0
13699717691 0
13700239396 0
13701728665 0
13702577933 -100
13702651264 0
13702887445 0
13705000754 0
13705068311 0
13705076914 0
13705881375 0
13705938745 0
13707168487 0
13708383645 0
13708886145 0
13710320809 0
13710402834 0
13711056719 0
13719206774 0
13719777207 0
13720839539 0
13725170687 0
13725347687 0
13726885089 0
13731796868 0
13751009717 0
13752336628 0
13752869111 0
13752988297 0
13763830722 0
13763845572 0
13764830071 查无此人
13774752969 0
13780388838 0
13788822869 0
13788866383 0
13789588892 0
13789975716 0
13794330300 0
13798003719 0
13798229907 0
13799001392 0
13799271865 0
13799383445 0
13799419198 0
13799426002 0
13799566166 0
13799688978 0
13799962587 0
13799995553 0
13801058556 0
13801804030 0
13802392730 0
13802947724 0
13805060500 0
13805069501 0
13805232560 0
13805722647 0
13806160033 0
13808324054 0
13808325854 0
13808352528 0
13809019888 -100
13809517801 0
13809539063 0
13810333128 0
13811363640 0
13816628766 0
13816990584 0
13822260278 0
13823060219 0
13828429362 0
13828921337 0
13842038874 0
13853229387 0
13859257521 0
13860461099 0
13860483559 0
13860492341 0
13860608061 0
13860789947 0
13864213058 0
13868009146 0
13868914185 0
13870131125 0
13870132929 0
13871041110 -100
13875745080 0
13879430191 0
13881811084 0
13882826955 0
13883000718 0
13883035081 0
13883091202 0
13883091550 0
13883102201 0
13883163307 0
13883397218 0
13883925677 0
13886166171 0
13889285195 0
13893598181 0
13896086920 0
13898891510 0
13901188198 0
13901390145 0
13901944479 -900
13902292483 0
13902320911 0
13902322911 0
13902323397 0
13902326608 0
13902329706 0
13902410832 0
13902468692 0
13902854186 0
13903039232 0
13903075433 0
13905085988 0
13905179435 -100
13905924069 0
13906019433 0
13906021692 0
13906028714 0
13906640663 0
13906837753 0
13906934125 0
13910527679 0
13910801380 0
13911052133 0
13911513918 0
13914111966 0
13915513892 0
13916137407 0
13916432140 0
13917778909 0
13922109789 0
13922178925 0
13922218598 0
13922292208 0
13922368110 0
13922408886 0
13922588788 0
13922616345 0
13922617388 0
13924017338 0
13924099806 0
13924192251 0
13925050577 0
13925120835 0
13926101321 0
13926113071 0
13926116282 0
13926127218 0
13926138525 0
13926196263 0
13926207723 0
13926444738 0
13927449959 0
13927613690 0
13927834313 0
13928875305 0
13933538567 0
13933624896 0
13933972615 -100
13950066442 0
13950069333 0
13950177237 0
13951670558 0
13953380377 0
13959212665 0
13959281909 0
13959963816 0
13960261991 0
13960825484 0
13960905508 0
13960991818 0
13962494441 0
13967524710 0
13971092198 0
13972599248 0
13976513798 0
13981749459 0
13983207385 0
13983228750 0
13983363585 0
13983390799 0
13983628178 0
13986036858 0
13995698991 0
13996028213 0
13996177979 0
13996217195 0
13997745170 0
13998158900 0
15001725739 -200
15004093508 0
15004101215 0
15005906382 0
15010966877 -200
15011683305 0
15013197747 0
15016366229 0
15018329545 0
15018434545 0
15025323897 0
15033528111 0
15033536790 0
15033571930 0
15060741331 0
15075609635 0
15078555999 0
15087053700 0
15102408846 0
15112186586 0
15118052119 0
15123886293 0
15128535013 0
15128539899 0
15158221058 0
15160001201 0
15160382912 0
15196856308 0
15207495699 -100
15215955669 0
15220125798 0
15232387823 0
15232397590 0
15233525258 0
15258087780 0
15258533866 0
15259333317 0
15266106407 0
15267508836 0
15273447166 0
15280094396 0
15296318888 0
15303281888 0
15305903098 0
15306995847 0
15311368806 0
15313165223 0
15316001910 0
15327167745 0
15334523157 0
15335939979 0
15359986789 0
15372421688 0
15388265810 0
15392879291 0
15527047494 0
15527706167 -100
15553243487 0
15605815668 0
15606073163 0
15606934382 0
15622252775 0
15623700535 0
15659787331 0
15659978200 0
15659996655 0
15689665211 0
15696308939 0
15710844779 0
15736156217 0
15750722959 0
15753203636 0
15754364465 0
15759935902 0
15766588325 0
15800650271 -200
15806001236 0
15806033060 0
15810101599 0
15812462419 0
15813738323 0
15815472218 0
15815833743 0
15818511759 -100
15823512262 0
15823902500 0
15827372711 0
15840247736 0
15850554100 0
15859178625 0
15859248451 0
15859258237 0
15860772299 0
15863493717 0
15871375377 0
15874736923 0
15880023467 0
15880212686 0
15880217130 0
15880260002 0
15901881463 0
15902330179 0
15913598586 0
15914232029 0
15914347687 0
15920915968 0
15922707680 0
15922983645 0
15923996355 0
15927031729 0
15953298667 -100
15959088884 0
15959098140 0
15959199899 0
15959237771 0
15959270658 0
15960003330 0
15960003337 0
15960009982 0
15960068136 0
15960190076 0
15960283995 0
15960380493 0
15962262606 0
15962351973 0
15965577666 0
15966947098 0
15972330529 0
15975512311 0
15975571373 0
15980025890 0
15980287111 0
15984769555 0
15985815208 0
15989274450 0
15994254115 0
15998449813 0
15998887239 0
17300227105 0
17308397753 0
17322326510 0
17349778710 0
17359295006 0
17359896330 0
17371062775 0
17378384739 0
17600525408 0
17605905487 0
17605916881 0
17620465803 0
17620927130 0
17686681726 0
17688901997 0
17689971130 0
17702466735 0
17704676156 0
17710859575 0
17710887715 0
17750669687 0
17783011067 0
17786544443 0
17788599260 0
17788715735 0
17805971636 0
17806206111 0
17815600289 0
17817035391 0
17817920717 0
17879507871 0
17891955176 -200
18022220013 0
18027103780 0
18027186633 0
18030031868 0
18030522262 0
18030659965 0
18038949100 0
18043300377 0
18050171423 0
18050288430 0
18050319813 0
18050921999 0
18060577177 0
18065020835 0
18065065637 0
18081009647 0
18083030998 0
18105016551 -100
18106501161 0
18122766726 0
18150097626 0
18171418469 0
18173335514 0
18186436779 0
18206015707 0
18217003172 0
18223817437 0
18233552222 0
18250539679 0
18253282330 0
18288744009 0
18298322169 0
18302316110 0
18316029293 0
18323118591 0
18333650581 0
18350000431 0
18359799592 0
18359919757 0
18375943172 0
18396133133 0
18487252649 0
18503345031 0
18505328919 0
18505913578 0
18506063938 0
18506072791 0
18511250025 -200
18511765085 0
18518187647 -200
18520654896 0
18521061999 -300
18523872240 0
18533539230 0
18559210030 0
18560221566 0
18560618571 0
18562697000 0
18562837473 -300
18563925125 0
18566772484 0
18573100705 0
18580257028 0
18588566324 0
18601231203 0
18602314729 0
18602472229 -100
18602473339 0
18602846225 0
18603370931 0
18605025368 0
18605697372 0
18609634444 -100
18610110248 0
18611656389 0
18613820732 0
18618193367 0
18620062727 0
18621329260 0
18622315307 0
18623122155 0
18623261307 0
18623355716 0
18630300836 0
18630303333 0
18630310066 0
18630340502 0
18630570809 0
18630572307 0
18630575667 0
18633527318 0
18635656293 0
18650345225 0
18650700992 0
18650825569 0
18653201549 0
18657125611 0
18659110016 0
18659123788 0
18659194143 0
18659718587 0
18659887329 0
18660222168 0
18661608386 -300
18661760305 0
18661796850 0
18662508588 -100
18669378242 -100
18675109885 0
18676677697 0
18676678720 0
18676776711 0
18678399961 0
18678818029 0
18678967399 0
18680225391 0
18680513700 0
18688252700 0
18689501659 0
18696681001 0
18696690022 0
18707291217 0
18712777755 0
18717004091 0
18718652032 0
18725959805 0
18750163763 0
18750503516 0
18757191037 0
18759562299 0
18766101530 0
18778907377 0
18788541752 0
18795655105 0
18818842102 0
18818855966 0
18819120352 0
18820944127 0
18823817452 0
18826227267 0
18826407688 0
18826462636 0
18830463095 0
18833820130 0
18850481000 0
18850716719 0
18850756150 0
18850775871 0
18850790673 0
18855088888 0
18856548388 0
18857885793 0
18858531053 0
18859269268 0
18860112773 0
18860141331 0
18883835921 0
18901530081 0
18905025501 0
18905911444 0
18906935219 0
18908323648 0
18910298053 0
18911945288 0
18918924523 0
18920055875 -100
18925051077 0
18925074695 0
18926237597 0
18927517683 0
18927566687 0
18933991481 0
18936754565 0
18943163322 0
18943911268 0
18950012277 0
18950270028 0
18950631816 0
18950791633 0
18959210985 0
18959282186 0
18959283740 0
18959286608 0
18959766111 0
18960896186 0
18965027778 0
18969538376 0
18980666820 0
18981766385 -300
18993196299 0
18998292566 0
18999006529 -100
19103359888 0
19105027704 0
19131886995 0
19136089231 0
19521054213 -100
19905929715 0
19906932306 0
19923377527 0
19943260789 0
19959362236 0
19959883908 0
19988200369 0
96023399 0
13166515815 0
15603388412 0
